"Tp_av" "Tpmin" "Tpmax" "T_s10" "T_s20" "vappd" "wind" "sundu" "radia" "prec" "tagesnummer" "RF" 
"C_deg" "C_deg" "C_deg" "C_deg" "C_deg"  "mm_Hg" "m/se" "hours" "J/cm²" "mm" "jday" "%"
50 "-----" "-----" "-----" "-----" "-----" "2m" "-----" "------" "--" 0 0 
0.4 -1.2 2.2 0 0 0 0.5 0 154.8 4.1 1 99.7 
1.4 -1.1 2.6 0 0 0 2.8 0 212.94 0 2 91.1 
1 -1.2 2 0 0 0 2 0 242.964 0 3 86.3 
0.2 -1.2 1.5 0 0 0 2.5 0 274.644 0 4 85.2 
-0.6 -3.5 2.8 0 0 0 1.6 0 283.392 0 5 86.2 
-2.6 -5.8 2 0 0 0 0.6 0 483.372 0 6 96.2 
-1.3 -4.3 1.3 0 0 0 0.7 0 268.632 0 7 97.1 
-4.5 -9 1 0 0 0 0.9 0 644.976 0 8 91.1 
-6.6 -10.4 -2.1 0 0 0 0.7 0 695.592 0 9 91.9 
-7.8 -8.5 -6.9 0 0 0 0.7 0 141.516 0 10 96.2 
-9.1 -11.7 -7.8 0 0 0 0.5 0 189.432 0 11 94.1 
-8.2 -13.9 -1.7 0 0 0 0.4 0 343.98 0 12 94.3 
-7.1 -12.1 -4.5 0 0 0 0.6 0 214.848 0 13 96.9 
-6.4 -7.2 -5.1 0 0 0 0.9 0 149.004 0 14 97.8 
-7.5 -10.4 -3.1 0 0 0 0.7 0 436.788 0 15 93.5 
-9.6 -14 -7.6 0 0 0 0.8 0 131.796 0 16 93.3 
-7.6 -13.6 -2.5 0 0 0 0.8 0 149.076 19.8 17 94.1 
0.1 -2.6 2.4 0 0 0 1.6 0 255.528 10.9 18 96.9 
0.4 -2.4 3.5 0 0 0 1.2 0 430.884 0.1 19 95.7 
-1.4 -2.2 -0.2 0 0 0 1 0 225.648 1.2 20 99.4 
0.8 -1.6 2.6 0 0 0 1.6 0 199.908 12.4 21 97.8 
-3.2 -10.4 1.2 0 0 0 3.7 0 288.072 0.3 22 84.9 
-12.1 -16.4 -7.3 0 0 0 1.6 0 612.792 0 23 75.2 
-14.1 -19.1 -7.1 0 0 0 0.7 0 799.884 0 24 77.3 
-11.4 -17.1 -6.8 0 0 0 0.7 0 287.316 0 25 77.6 
-7.8 -10.7 -3.4 0 0 0 2.5 0 489.528 0 26 81.2 
-8.7 -12 -5.3 0 0 0 3.1 0 478.764 0 27 73.8 
-6.5 -11.2 -1.6 0 0 0 1.9 0 579.132 0 28 73.3 
-8.2 -13.3 -1 0 0 0 1 0 770.652 0 29 78.4 
-8.5 -13.1 -2.8 0 0 0 0.9 0 842.256 0 30 83.3 
-11.1 -13.7 -7.1 0 0 0 0.6 0 507.24 0 31 89.6 
-11.6 -15.5 -6.6 0 0 0 0.5 0 594.36 0 32 86.9 
-11.6 -14.9 -7.8 0 0 0 0.6 0 294.336 0 33 89.6 
-10.7 -14 -7.8 0 0 0 0.6 0 337.644 0 34 90.9 
-8 -11.3 -5.4 0 0 0 0.6 0 210.024 0.2 35 94.5 
-8.3 -12.5 -5.4 0 0 0 0.5 0 439.164 0 36 92.5 
-4.8 -8.5 -0.4 0 0 0 0.6 0 582.3 0.1 37 90.6 
-0.9 -3.1 0.3 0 0 0 1.3 0 166.536 34.2 38 99.9 
0.6 0 2.1 0 0 0 1.4 0 176.256 9.4 39 98.6 
-0.1 -1.9 1.4 0 0 0 2.7 0 341.856 2.6 40 95.8 
-0.9 -2.4 0.2 0 0 0 2.2 0 262.872 14.9 41 99.3 
-2 -4.2 0.6 0 0 0 0.7 0 713.772 0 42 90.2 
-3.5 -5.6 -0.9 0 0 0 0.6 0 543.168 0 43 95.6 
-4.9 -10.4 0.9 0 0 0 0.7 0 1085.76 0 44 90 
-8.4 -15.4 -4 0 0 0 0.5 0 316.08 0 45 90.8 
-1.4 -5.4 1.1 0 0 0 1 0 240.984 11.5 46 95.9 
1.3 0.1 3 0 0 0 0.7 0 243.288 17 47 99.8 
2.3 -0.8 7.2 0 0 0 1.1 0 736.308 2 48 93 
1.5 -1.4 5.7 0 0 0 1 0 466.56 1.9 49 92.2 
2.4 -1.7 7.8 0 0 0 0.9 0 923.004 0 50 83.7 
2.7 -1.1 8.2 0 0 0 1.2 0 852.156 0 51 84.1 
2.3 -1.6 7.2 0 0 0 2.4 0 902.52 0 52 85.5 
1.3 0.1 2.7 0 0 0 3.5 0 373.932 0 53 88.3 
-0.2 -0.9 0.5 0 0 0 2.4 0 276.156 0.1 54 89.6 
1.2 -2 7.2 0 0 0 3.5 0 809.352 0 55 70.2 
-0.8 -3 1.7 0 0 0 3.8 0 790.848 0.3 56 74.5 
-3.4 -7.2 -1.8 0 0 0 3.1 0 547.236 0.5 57 81.5 
-5 -9 0.2 0 0 0 1.3 0 1021.104 0 58 80.5 
-5.2 -9.5 -2 0 0 0 1.7 0 894.168 1 59 86.4 
-1.5 -6 1.8 0 0 0 2.3 0 880.92 0.3 60 83 
-5.4 -10.9 -1 0 0 0 1 0 840.96 0 61 89.6 
-2.5 -6.9 2.3 0 0 0 1.6 0 426.384 3.4 62 95.1 
-0.9 -2.8 1.3 0 0 0 0.6 0 291.384 9.5 63 95.9 
-2.5 -4.4 0.5 0 0 0 0.8 0 515.304 2.4 64 90.3 
-2 -3.8 0.2 0 0 0 1.7 0 601.344 1.4 65 92.6 
-2.4 -8.3 1 0 0 0 1.6 0 890.28 0.9 66 92 
-3.6 -9.8 0.9 0 0 0 1.7 0 989.568 3.9 67 89.6 
1.8 -1.5 4.8 0 0 0 1 0 265.248 26.8 68 98.7 
2.7 0.4 6.8 0 0 0 1.5 0 1057.86 6.8 69 91.6 
0.5 -2.5 2.2 0 0 0 1.6 0 527.364 6.4 70 98.4 
-4.5 -6 -2.6 0 0 0 3.3 0 893.196 0.1 71 82.1 
-4.6 -8.4 -1.9 0 0 0 3.3 0 1432.152 0 72 74.2 
-3.4 -9.3 0.3 0 0 0 2.3 0 1333.512 0 73 74.3 
-1.2 -3.7 1.7 0 0 0 1.8 0 941.688 0 74 77.7 
-1 -3.1 1 0 0 0 1.6 0 718.74 0 75 73.7 
0.1 -1.6 1.8 0 0 0 2.6 0 610.38 0 76 84.1 
0.5 -2.8 3.5 0 0 0 2.1 0 859.14 0 77 81.6 
0.3 -5.6 8.2 0 0 0 1 0 1771.812 0 78 81.4 
0.5 -5.7 9.1 0 0 0 1 0 1780.524 0 79 81.1 
2.1 -4.7 11 0 0 0 0.7 0 1508.4 0 80 76.2 
2 1 3.6 0 0 0 2.2 0 704.412 3.2 81 92.1 
1.4 -3.4 6.1 0 0 0 2.1 0 1200.024 0 82 72.9 
1.7 -5.6 9.9 0 0 0 0.9 0 1689.372 0 83 64 
4.2 1.5 7.8 0 0 0 0.7 0 526.608 8.2 84 93.9 
5.4 2.9 8.4 0 0 0 0.6 0 258.804 15.8 85 100 
8.3 3.6 15.2 0 0 0 1 0 1248.372 7.4 86 91.2 
5.9 3.8 7.7 0 0 0 0.9 0 228.96 36.3 87 100 
5.4 2.1 9.8 0 0 0 1.9 0 899.064 6 88 93.7 
5.7 1.8 8.5 0 0 0 1 0 498.852 10.4 89 98.2 
9.8 4.7 16.8 0 0 0 2.1 0 1007.028 2.9 90 88.3 
9.6 2.9 17.4 0 0 0 1.6 0 1632.168 0.4 91 82.6 
9.6 6.1 16 0 0 0 1.3 0 1131.732 4.8 92 89.3 
7.5 4.3 12.4 0 0 0 2 0 1068.336 0.4 93 85.9 
5.5 1.4 10.2 0 0 0 1.8 0 1157.04 0.7 94 87.7 
3.4 1.2 5.3 0 0 0 2.8 0 562.212 0.5 95 87.6 
2 -2.3 7.2 0 0 0 0.9 0 1034.388 0 96 79.7 
3 -2.9 10 0 0 0 1.2 0 2037.42 0 97 78.5 
5.6 -2.3 15.3 0 0 0 1.5 0 1919.952 0 98 78.3 
6.7 3.1 10.6 0 0 0 1.4 0 632.448 3.3 99 93.4 
4.4 1.5 7.1 0 0 0 5.3 0 557.1 5.2 100 93.8 
2.4 -0.8 5 0 0 0 3.1 0 599.364 6 101 94.9 
1.8 -1 3.9 0 0 0 0.8 0 319.86 1.2 102 99.1 
5.7 3.1 9.3 0 0 0 1.9 0 664.092 2.2 103 93.8 
8.3 4.2 10.6 0 0 0 2.2 0 422.964 4.2 104 94.9 
8.7 1.4 15.3 0 0 0 1.1 0 1316.016 0.6 105 87.9 
10.7 8.2 14.5 0 0 0 2.5 0 877.86 3.1 106 88.8 
9.5 7.5 14.1 0 0 0 1.1 0 1209.06 6.8 107 94.3 
9.7 5.8 14.8 0 0 0 0.9 0 1275.624 0.1 108 83.5 
10.2 4.8 16.4 0 0 0 0.9 0 1452.42 0 109 77.7 
10.8 3.5 18.6 0 0 0 1.1 0 1956.96 0 110 77.3 
12.3 4.1 21.1 0 0 0 1.2 0 2212.632 0 111 69 
11.5 4.2 21.1 0 0 0 1.7 0 1622.16 1.2 112 77.3 
11.9 6.9 17.8 0 0 0 1.3 0 1756.116 4.6 113 87.5 
12.3 4.2 20.4 0 0 0 1.1 0 2235.06 0.1 114 74.2 
14.6 6.3 22.6 0 0 0 1.1 0 2016.576 0 115 72.6 
13.5 10.7 17.4 0 0 0 1 0 951.192 2.7 116 91.5 
12.9 11.7 16.1 0 0 0 1.1 0 555.948 3 117 97.3 
10.5 6.8 12.3 0 0 0 3.8 0 452.88 5 118 95 
6.4 2.8 8.5 0 0 0 1.8 0 749.016 0.5 119 84 
6.1 0.9 11.3 0 0 0 1.6 0 2224.152 0 120 79.1 
8.5 0.8 15.4 0 0 0 1.5 0 2301.156 0 121 78.9 
12.7 6.5 19.7 0 0 0 1.4 0 2176.056 0 122 67.5 
14.2 4.6 22.9 0 0 0 1.2 0 2433.78 0 123 68.9 
15.8 6.9 23.1 0 0 0 2.3 0 2331.792 0 124 60.5 
16.1 6.9 22.8 0 0 0 2.1 0 2460.492 0 125 46.8 
15.2 7.4 22.2 0 0 0 2 0 2146.464 0 126 43.7 
13.6 6.4 20.4 0 0 0 1.7 0 1662.408 0 127 59.2 
14.4 5.9 22.9 0 0 0 1.7 0 1771.956 0 128 54.3 
13.9 7.8 21.8 0 0 0 2.2 0 2165.472 4.6 129 66.4 
12.2 6.6 19.4 0 0 0 1.3 0 1710.252 0.1 130 78.4 
13.5 4.2 21.5 0 0 0 1.4 0 2549.196 0 131 58.5 
14.8 4.3 23.9 0 0 0 1.4 0 2498.688 0.1 132 60.1 
12.4 7.8 18 0 0 0 1.2 0 900.144 3.9 133 89.1 
12.7 8.9 17.3 0 0 0 1.8 0 1323.396 2.8 134 89.5 
14.1 5.7 21.3 0 0 0 1.4 0 2235.852 0.1 135 75.5 
16.2 12.3 21.4 0 0 0 1.8 0 1325.232 2.7 136 84.3 
15.2 9.7 20.4 0 0 0 1.8 0 1875.348 10.3 137 85.8 
14.9 9 20.1 0 0 0 1.7 0 898.2 6.6 138 93.9 
14.6 7.7 20.3 0 0 0 2.5 0 1976.04 0 139 78.6 
12.4 8 17.8 0 0 0 2.4 0 1088.208 3.5 140 86.9 
11.6 6.3 16.7 0 0 0 1.4 0 1145.52 0 141 84.1 
16.7 7.7 26.8 0 0 0 2.9 0 2470.14 1.9 142 73.3 
12.4 9.2 14.8 0 0 0 1.4 0 772.2 3.5 143 84.1 
11.6 8.4 16.7 0 0 0 1.2 0 1612.26 0.9 144 84.8 
10.9 5.3 15.1 0 0 0 1.4 0 1121.148 5.9 145 85 
12.3 10.2 14.2 0 0 0 1.8 0 709.128 26.8 146 95.6 
16.2 13.9 19.4 0 0 0 2.5 0 1459.692 2.3 147 84.3 
14.7 8.6 18.2 0 0 0 2.5 0 1094.004 17.6 148 82.2 
9.9 7.7 14.3 0 0 0 1.4 0 727.596 8.3 149 91.9 
7.5 4.7 10.4 0 0 0 2.2 0 1131.768 10.1 150 92.5 
7.4 5.1 12.2 0 0 0 2.7 0 1278.432 5 151 86.5 
7.8 5.3 10.5 0 0 0 1.8 0 999.792 4.5 152 91.1 
9 1.6 13.6 0 0 0 1.7 0 1796.364 0 153 77.7 
12.5 5.8 17.8 0 0 0 2.4 0 1882.296 0 154 66.1 
11.8 8.7 15.6 0 0 0 2.5 0 1698.12 1.1 155 80.3 
10.2 7.3 13.7 0 0 0 1.3 0 1124.712 0.2 156 79.9 
10.4 5.8 15.3 0 0 0 1.3 0 1591.74 0 157 72.8 
11.3 3.5 17.2 0 0 0 1.5 0 2485.224 0.1 158 72.4 
12.5 4.1 19.8 0 0 0 0.9 0 2135.916 0 159 67 
14.6 5.4 21.5 0 0 0 1.1 0 2356.812 0 160 64.9 
16.1 7.6 22 0 0 0 1.6 0 2403.288 0 161 64.7 
15.7 6.3 23.3 0 0 0 1.3 0 2827.8 0 162 62 
19.2 8.8 27.1 0 0 0 1.3 0 2813.94 0 163 59.1 
19.75 9.75 27.9 0 0 0 1.35 0 2762.028 0 164 60.05 
20.3 10.7 28.7 0 0 0 1.4 0 2710.116 0 165 61 
21.2 12.1 29.9 0 0 0 1.1 0 2653.272 0 166 60.6 
21.8 13.7 29 0 0 0 1.6 0 2405.808 20.5 167 66.1 
19.2 14.6 24.8 0 0 0 1.4 0 2259.18 4.3 168 80.9 
19.5 11.5 25.9 0 0 0 1.2 0 2764.332 0 169 72.6 
22 15.3 29.2 0 0 0 1.3 0 2705.256 0.8 170 73.2 
22 15 28.6 0 0 0 1.1 0 2648.988 1.5 171 72.4 
23.2 15.9 29.5 0 0 0 1.7 0 2461.176 30.6 172 70.9 
20.2 16.4 25 0 0 0 1.5 0 2181.384 0.1 173 81.4 
19 14.1 23.5 0 0 0 0.9 0 1995.192 0 174 70.3 
21.4 14.3 28.5 0 0 0 0.9 0 2834.82 0 175 72.4 
23.3 16.5 29.7 0 0 0 1.1 0 2394.792 0 176 71.7 
22.2 16.4 27.4 0 0 0 1.3 0 2749.608 0 177 71 
21.2 15.8 28.5 0 0 0 1.3 0 2184.228 0.4 178 78.4 
18.7 14.2 23.6 0 0 0 1.6 0 1709.964 3.9 179 87.3 
18 14.4 24.2 0 0 0 1.2 0 1315.044 9.6 180 90.3 
16.8 13.1 20.8 0 0 0 1.9 0 1917.684 1 181 83.8 
18.1 11.6 24.4 0 0 0 1.5 0 2180.304 0 182 78 
18.1 10.7 24.1 0 0 0 1.3 0 2587.5 0 183 69.8 
20.1 11.6 27.6 0 0 0 1 0 2218.032 0 184 71.5 
21.7 13.6 28.5 0 0 0 1.2 0 2807.712 0 185 70.9 
21.9 13.1 29.3 0 0 0 0.9 0 2809.836 0 186 70 
21.7 15.7 28.8 0 0 0 1.3 0 2400.156 18.1 187 73.6 
19.5 16.3 25.2 0 0 0 1.1 0 1989.54 1.3 188 86.4 
19.9 16 25.1 0 0 0 1.1 0 1909.404 14.2 189 85.7 
21 14.3 27.9 0 0 0 0.9 0 2702.124 0.1 190 78 
21.3 15.4 27.5 0 0 0 0.9 0 2608.308 0 191 75.2 
22.8 14.8 30.4 0 0 0 0.7 0 2740.356 0 192 67 
21.9 16.7 28.8 0 0 0 1.1 0 1854.864 3.7 193 78.3 
22 14.6 29.9 0 0 0 0.6 0 2500.524 1.3 194 75.5 
22.1 15.7 27.5 0 0 0 2.2 0 2428.416 0 195 71.5 
19.9 12.6 25.1 0 0 0 2.4 0 2757.996 0 196 53 
18.5 10.3 24.7 0 0 0 1.8 0 2753.064 0 197 55.7 
18.9 9.4 26.9 0 0 0 0.9 0 2722.716 0 198 57.8 
20.9 11.7 29.4 0 0 0 1 0 2730.132 0 199 61.7 
22.3 12.4 31.6 0 0 0 1 0 2709.324 0 200 58.4 
23.5 12.8 33.6 0 0 0 0.9 0 2657.808 0 201 54 
24.8 16.1 33.6 0 0 0 1 0 2376.144 0 202 57.9 
24.9 16.1 32.4 0 0 0 1.1 0 2485.512 0 203 57.6 
23.2 17.6 28.9 0 0 0 1.4 0 1830.492 0 204 64.3 
23.7 15 31.7 0 0 0 0.8 0 2347.632 0 205 60.4 
23.7 16.6 32.4 0 0 0 0.9 0 2120.364 1.3 206 65.3 
24.5 17.1 33.6 0 0 0 1.1 0 2292.552 0 207 57.8 
24.7 16 33.4 0 0 0 0.9 0 2155.5 0 208 58.8 
22.8 16.2 30.7 0 0 0 1.4 0 1920.888 0 209 67.9 
19.8 14.8 25.6 0 0 0 1.2 0 1639.548 6.6 210 85.3 
21 16.1 28.8 0 0 0 0.7 0 1762.776 0.1 211 76.5 
20.7 17 29.1 0 0 0 1.4 0 1879.416 30.5 212 85.3 
19 16.2 23.3 0 0 0 1.2 0 1055.808 0.1 213 86.3 
17.2 12.8 23.2 0 0 0 1.6 0 1676.376 0 214 76.9 
14 11.9 16.6 0 0 0 0.9 0 495.144 7.9 215 95.9 
13.7 11.8 19.2 0 0 0 0.9 0 840.204 15.4 216 96 
14.3 11.1 19.3 0 0 0 1.4 0 1039.716 5.9 217 95 
15.5 14.1 18.6 0 0 0 2.5 0 750.168 8.8 218 95.9 
18.9 15.1 23.5 0 0 0 3.7 0 2073.672 3 219 74 
16.3 10.6 22.3 0 0 0 1.9 0 1376.424 0.7 220 83.4 
14.8 9 19.9 0 0 0 0.8 0 1243.44 0 221 81.7 
14.3 10.1 18.7 0 0 0 0.8 0 846.396 5.4 222 89.2 
12.6 9.8 18.9 0 0 0 1 0 1075.32 12.1 223 92.1 
12.4 9.9 16.9 0 0 0 0.9 0 1025.388 4.1 224 93.4 
12.9 10 19.9 0 0 0 1 0 1399.608 2.1 225 88.4 
13.7 11.5 19.5 0 0 0 1.5 0 1109.196 15.2 226 89.5 
13.6 10.1 19.3 0 0 0 1.2 0 799.344 2.7 227 91.9 
15.4 8.1 22.9 0 0 0 0.7 0 1398.492 0.1 228 84.2 
19.6 11.1 28.5 0 0 0 0.8 0 2241 0 229 72.6 
18.1 11.3 24.1 0 0 0 1.6 0 1673.928 0.4 230 79.2 
19.1 10 28.6 0 0 0 1.3 0 2154.78 4.7 231 72 
16 11.8 19.4 0 0 0 1.2 0 756.576 1 232 93.1 
15.2 11.2 20.4 0 0 0 1.7 0 1619.748 2.1 233 87.6 
14.5 12 18.4 0 0 0 1.8 0 1166.4 18.6 234 89.7 
14.9 9.9 21.4 0 0 0 0.9 0 1707.84 0.1 235 84.7 
14.9 8 23.7 0 0 0 1.1 0 1717.272 6.7 236 85.2 
14.6 12.1 18.3 0 0 0 1.5 0 1399.32 0.1 237 87.4 
14.1 11.8 19.1 0 0 0 0.9 0 994.968 7.3 238 92.1 
14.1 12.5 17.3 0 0 0 1.1 0 941.76 12.9 239 95.1 
12.9 11.7 16 0 0 0 1.8 0 457.992 7 240 98.2 
11.8 9.8 16.2 0 0 0 2.5 0 1260.72 1.1 241 87.7 
11.5 9.6 15.2 0 0 0 2.5 0 1201.212 3.7 242 90.1 
12.4 6.6 17.7 0 0 0 2.2 0 1350.108 0 243 83.3 
14.7 5.9 31.9 0 0 0 0.9 0 1748.16 0 244 85 
18.5 8.4 31.2 0 0 0 1.1 0 1693.368 0.1 245 85.3 
19.5 14 28.3 0 0 0 1.1 0 1725.0735852 0 246 87.8 
18.9 13.1 26.15 0 0 0 1.4 0 1756.5061428 0 247 82.55 
18.3 12.2 24 0 0 0 1.7 0 1788.48 0 248 77.3 
17.4 10.1 24.7 0 0 0 0.7 0 1630.26 0 249 83.7 
20.8 12.9 29.6 0 0 0 1.3 0 1858.464 0 250 77.5 
14.6 7.5 19.6 0 0 0 2.4 0 1562.58 0 251 72.9 
13.5 5.6 22.9 0 0 0 0.8 0 1902.096 0.1 252 76.6 
15.4 7.6 25.8 0 0 0 0.7 0 1867.572 0 253 76 
16.6 8.7 26.7 0 0 0 0.7 0 1838.484 0 254 78.3 
17 9.7 26.6 0 0 0 0.7 0 1825.272 0 255 78.4 
16.9 8.7 27.1 0 0 0 0.7 0 1766.196 0 256 80 
17.9 9.5 27.5 0 0 0 1 0 1673.748 0.1 257 78.1 
19.9 14.1 25.8 0 0 0 2 0 979.56 0 258 67 
18.6 12.7 27.3 0 0 0 1 0 1081.116 0 259 81.6 
18.8 13.3 26.8 0 0 0 1.5 0 1663.128 0 260 75.8 
16.7 11.3 23 0 0 0 0.8 0 1135.476 0 261 88.8 
15.6 12 19.3 0 0 0 1.4 0 487.044 3.8 262 95.7 
14.8 10.3 22.2 0 0 0 0.7 0 1260.468 0 263 89.8 
15.6 7.7 25.2 0 0 0 0.8 0 1655.172 0.1 264 82.9 
16.4 9.4 26 0 0 0 0.9 0 1622.34 0 265 81.1 
16.4 10 26 0 0 0 1.2 0 1607.436 0 266 75.6 
16.3 8.7 26.2 0 0 0 1.5 0 1557.396 0 267 72.5 
15.5 10.2 21.2 0 0 0 1.1 0 775.008 0 268 85.8 
15.4 12.9 18.8 0 0 0 0.6 0 451.728 0.7 269 96 
15.4 14.2 18.1 0 0 0 0.7 0 388.692 11.6 270 98.6 
14.8 10.6 19.4 0 0 0 0.7 0 612.72 0 271 95.3 
14.3 9.1 21.6 0 0 0 0.8 0 1259.136 0.1 272 92.5 
15.2 10.4 23 0 0 0 0.7 0 1103.004 0.1 273 92.1 
16.4 12.5 21.7 0 0 0 1.1 0 708.228 0.4 274 93.8 
16.7 12.3 23.9 0 0 0 1.7 0 1044.684 0.1 275 86.2 
16.1 11.8 21.5 0 0 0 1.3 0 758.988 17.5 276 91.1 
11.9 6.6 16.3 0 0 0 2 0 759.6 0 277 86.8 
9.4 6 15.4 0 0 0 1 0 724.5 0.3 278 92.6 
10 4.8 17.1 0 0 0 1.2 0 744.84 0.1 279 93.4 
11.3 6.1 17 0 0 0 1.4 0 489.204 1.3 280 93.7 
8.4 3.3 16.9 0 0 0 0.7 0 887.472 0 281 94.5 
9.6 2.8 18.4 0 0 0 0.9 0 1212.3 0.1 282 89.5 
11.3 4.5 21.1 0 0 0 0.5 0 1184.724 0.1 283 89.3 
11.7 5.5 21 0 0 0 0.6 0 1162.008 0.1 284 88.5 
10.8 4.8 18.9 0 0 0 0.7 0 1006.776 0.1 285 94.7 
11.9 8.7 15.9 0 0 0 0.6 0 599.652 0.2 286 98.7 
14.9 11.8 20.6 0 0 0 2.3 0 1018.908 0 287 76.3 
11.8 7.2 16.4 0 0 0 2.6 0 1069.236 0 288 82 
8.2 1.9 15.7 0 0 0 0.8 0 929.916 0 289 87.8 
5.7 -1.4 15.8 0 0 0 0.8 0 1133.928 0 290 83.7 
6.2 -0.7 14.6 0 0 0 0.5 0 906.516 0.1 291 90.1 
8.7 2.9 17.3 0 0 0 0.7 0 947.88 0 292 87.6 
10.1 7.1 16.7 0 0 0 0.8 0 683.496 0.1 293 91.9 
11.4 5.8 18.2 0 0 0 0.6 0 531.612 0.2 294 94.8 
12.3 7.6 19.6 0 0 0 0.9 0 849.852 0 295 92.8 
13 7.7 18.7 0 0 0 0.9 0 588.312 0.1 296 92.4 
12.9 8.6 18.1 0 0 0 1.3 0 409.86 5.8 297 95.6 
10 4.5 16.1 0 0 0 0.6 0 634.068 0 298 92.8 
12.1 6 21.1 0 0 0 0.9 0 892.944 0.1 299 91.1 
11.7 9.2 15.1 0 0 0 0.6 0 290.592 0.4 300 99.6 
13.6 9.1 17.6 0 0 0 0.9 0 457.38 1.5 301 96.5 
13.1 10.5 16.2 0 0 0 2.3 0 190.332 3.4 302 89.9 
9.3 5.3 12.7 0 0 0 1.1 0 443.448 0 303 90.8 
7.9 4.1 12.8 0 0 0 1.1 0 579.492 0.1 304 95 
7.3 2.3 10.5 0 0 0 3.6 0 610.272 0.5 305 79.3 
0.7 -1.5 4.5 0 0 0 2.5 0 771.408 4.3 306 79.6 
0.4 -2.5 4.3 0 0 0 1.4 0 674.784 1.3 307 92.1 
1.9 -2.8 5.1 0 0 0 1.3 0 194.544 0.4 308 99.3 
5.3 4 7 0 0 0 2.6 0 84.816 8.3 309 99.9 
7.1 4.3 9 0 0 0 1.7 0 194.688 0 310 95 
3 -0.2 9.5 0 0 0 0.6 0 507.456 0 311 97.7 
4.8 0.1 10 0 0 0 0.7 0 596.484 0 312 96 
7.6 2.4 11.6 0 0 0 1.4 0 217.404 2.2 313 93.5 
3.1 -0.9 8.7 0 0 0 1.1 0 474.876 0 314 95.5 
3.3 -0.6 7.6 0 0 0 1.1 0 266.688 6.5 315 99.5 
6 3.4 8.4 0 0 0 3 0 370.332 4.6 316 95 
5.2 2.6 8.5 0 0 0 1.9 0 107.244 7.4 317 99.7 
9.8 8.4 11.2 0 0 0 1 0 78.66 3.6 318 100 
10.9 8.3 15.9 0 0 0 0.9 0 527.22 0.1 319 96.9 
7.1 3.5 12.7 0 0 0 0.7 0 554.292 0.3 320 99.1 
6.2 3.3 10.8 0 0 0 0.6 0 436.536 0.2 321 98.7 
7.1 4.9 8.8 0 0 0 0.7 0 162.684 0 322 100 
5.5 2.9 6.9 0 0 0 0.7 0 177.66 0.2 323 100 
5.5 2.3 8.2 0 0 0 0.9 0 279.288 1.9 324 97.3 
4.7 2.4 6.7 0 0 0 1.2 0 165.024 1.8 325 99.8 
4.3 -0.3 6.6 0 0 0 0.8 0 201.924 2.8 326 99.8 
3.3 -0.4 6.9 0 0 0 1 0 310.644 0.3 327 95.8 
7.1 3.8 12.8 0 0 0 0.9 0 403.164 0 328 94.1 
5.4 2.6 12.1 0 0 0 0.6 0 386.388 0 329 96.6 
5 2.9 8.4 0 0 0 0.7 0 326.664 0.2 330 99.9 
6 5.4 6.6 0 0 0 0.8 0 109.08 0.2 331 100 
5.6 4.3 6.4 0 0 0 0.7 0 94.788 0.1 332 100 
5.3 5 6 0 0 0 0.6 0 120.132 0 333 100 
5 2 7.3 0 0 0 0.6 0 289.8 0.1 334 100 
3.1 -0.1 4.6 0 0 0 0.8 0 72.18 0.1 335 100 
2.1 0.9 3.4 0 0 0 2 0 91.08 0 336 100 
1.2 0.1 4.4 0 0 0 1.9 0 259.452 0 337 99.8 
3.8 1.1 6.3 0 0 0 1.2 0 163.224 15 338 100 
8.5 5.1 12.3 0 0 0 0.6 0 193.86 5.2 339 99.9 
6.9 5.3 9.2 0 0 0 1.1 0 202.536 5.3 340 99.6 
5 2.2 8.4 0 0 0 1.4 0 364.356 1 341 98.9 
5.5 0 12.1 0 0 0 0.9 0 390.384 0.1 342 95.5 
4.6 3.3 6.3 0 0 0 1.2 0 56.916 10.7 343 100 
3.1 0.8 5.2 0 0 0 1 0 184.032 1.9 344 100 
1.1 -0.1 2.7 0 0 0 1.5 0 220.68 0 345 99.8 
1.5 0.1 2.6 0 0 0 0.7 0 66.096 2.8 346 99.9 
2.6 -0.1 4.8 0 0 0 0.7 0 229.428 0.4 347 99.7 
0.8 -1.4 6.8 0 0 0 0.7 0 383.616 0 348 97.8 
0.4 -3.1 6.7 0 0 0 0.6 0 450.576 0 349 96.5 
1.3 -2 5.6 0 0 0 0.8 0 391.5 1.2 350 96.9 
2.7 -1.4 6 0 0 0 0.8 0 209.556 1 351 99.8 
0.5 -2.1 2.9 0 0 0 0.6 0 193.572 0.1 352 99.5 
0.4 -1.4 2.6 0 0 0 1.3 0 249.3 0 353 89.9 
1.6 -0.3 4.7 0 0 0 0.9 0 239.796 0 354 93.1 
1.7 -1.4 6.2 0 0 0 0.9 0 364.464 0 355 95.9 
0.8 -2.5 5.8 0 0 0 0.8 0 373.104 0 356 95.4 
-1.1 -3.1 2.1 0 0 0 0.7 0 210.06 0 357 99.9 
-1.6 -2.4 -0.2 0 0 0 0.7 0 130.356 0 358 99.9 
-2.2 -3.4 -1.5 0 0 0 1 0 97.2 0 359 99.9 
-2.4 -5.9 3.6 0 0 0 0.5 0 483.66 0 360 98.7 
-3.7 -7.8 0 0 0 0 0.8 0 566.244 0 361 99.1 
-3 -3.6 -2.2 0 0 0 1.2 0 118.296 11.3 362 99.9 
-0.6 -2.1 0.8 0 0 0 0.7 0 140.832 0.8 363 99.9 
-1.3 -2 -0.4 0 0 0 0.3 0 173.088 0 364 99.9 
1 -1.7 6.6 0 0 0 0.5 0 334.116 1 365 100 
