"Tp_av" "Tpmin" "Tpmax" "T_s10" "T_s20" "vappd" "wind" "sundu" "radia" "prec" "tagesnummer" "RF" 
"C_deg" "C_deg" "C_deg" "C_deg" "C_deg"  "mm_Hg" "m/se" "hours" "J/cm²" "mm" "jday" "%"
50 "-----" "-----" "-----" "-----" "-----" "2m" "-----" "------" "--" 0 0 
-2.1 -5.3 -0.1 0 0 0 1 0 193.859999945719 0 1 93.4 
-5.6 -10.4 -0.1 0 0 0 0.8 0 650.771999817782 0 2 87.1 
-5.2 -10.8 -0.3 0 0 0 1.1 0 532.439999850917 0 3 79.5 
-3 -6.2 -0.1 0 0 0 1.7 0 298.727999916356 0 4 78.4 
-3.8 -7.8 -1.2 0 0 0 0.9 0 228.923999935901 6.5 5 86.9 
-1.2 -2.2 -0.1 0 0 0 0.8 0 122.075999965819 9 6 94.3 
0.1 -1.2 1.6 0 0 0 0.9 0 126.10799996469 10.6 7 97.6 
0.2 -3.4 4.7 0 0 0 0.7 0 429.263999879807 0 8 94.5 
-1.1 -4.4 1.6 0 0 0 0.7 0 219.023999938673 0.5 9 92.8 
2.1 0.5 6.4 0 0 0 0.9 0 341.711999904321 0 10 92.8 
-0.6 -3.2 2.1 0 0 0 1.2 0 246.383999931012 0.1 11 96.9 
-1 -3.6 1.3 0 0 0 0.8 0 201.491999943582 0 12 94.2 
0.3 -3.9 4.6 0 0 0 0.6 0 340.199999904744 0 13 94.7 
-0.8 -4 0.6 0 0 0 1 0 137.807999961414 0 14 99.4 
-0.6 -0.9 -0.2 0 0 0 1.3 0 210.059999941183 0 15 99.8 
0.3 -1.2 2.2 0 0 0 0.9 0 164.627999953904 0.5 16 97.3 
1.1 -0.7 3.9 0 0 0 0.8 0 243.503999931819 0 17 97.9 
1.3 -0.1 4.3 0 0 0 0.8 0 202.35599994334 9.2 18 99.5 
5.9 2.4 9.7 0 0 0 1.6 0 191.375999946415 3 19 90.3 
5.9 3.2 10.1 0 0 0 1.1 0 235.295999934117 0 20 87 
5.2 3.3 7.5 0 0 0 1.1 0 169.055999952664 0.1 21 84.9 
3.2 -0.5 6.4 0 0 0 2.5 0 213.731999940155 4.6 22 85.7 
0.7 -1.5 4.4 0 0 0 1.6 0 573.227999839498 0 23 82 
1.3 -2.1 6.8 0 0 0 0.8 0 582.623999836866 0 24 78 
1.1 -1.5 5.7 0 0 0 1 0 540.82799984857 1.5 25 92 
0.1 -1.4 2.8 0 0 0 1.4 0 222.263999937766 0 26 93 
2.2 -0.7 4.9 0 0 0 1.8 0 65.4479999816746 2 27 80 
4.7 3.3 6.4 0 0 0 1.1 0 241.199999932464 0 28 86.9 
3 -0.9 8.2 0 0 0 0.5 0 327.527999908292 0 29 92.8 
0.1 -1.7 2.1 0 0 0 0.7 0 121.247999966051 0.3 30 97.3 
1.3 -0.2 2.6 0 0 0 1.9 0 344.591999903514 1.1 31 87.9 
2.3 0.6 5.2 0 0 0 2 0 169.919999952422 2.5 32 85.1 
1.4 -2.5 3.2 0 0 0 1.6 0 170.92799995214 4.4 33 89.6 
-0.5 -4.6 6.6 0 0 0 0.9 0 888.875999751114 0 34 82.9 
2 -3.1 10.5 0 0 0 0.8 0 609.371999829374 0.6 35 79.7 
3.7 1.3 6.8 0 0 0 1.4 0 427.607999880271 2 36 89.7 
5.9 3.6 9.8 0 0 0 2.1 0 311.687999912727 8.9 37 88.4 
2.1 -2.5 5.8 0 0 0 1.6 0 642.563999820083 0.1 38 80.1 
-0.5 -4 6.9 0 0 0 0.7 0 814.17599977203 0 39 86.8 
0.6 -4 8 0 0 0 0.8 0 907.127999746006 0 40 77.3 
0.2 -3.1 6.2 0 0 0 0.9 0 752.471999789306 0 41 83.5 
0.5 -3.6 7.8 0 0 0 0.8 0 891.971999750246 0 42 84.9 
1.4 -2.9 7.9 0 0 0 0.8 0 874.439999755157 0 43 85.3 
-2.6 -3.6 -1.9 0 0 0 1 0 190.367999946697 0 44 97.3 
-1.9 -3.3 0.1 0 0 0 1.1 0 189.323999946989 0 45 93.9 
-0.8 -5 2 0 0 0 1.7 0 842.543999764088 0 46 72.5 
-4 -7.8 -0.3 0 0 0 1.7 0 1074.31199969919 0 47 63.7 
-4.2 -8.9 1.4 0 0 0 1 0 954.071999732858 0 48 60.1 
-1.1 -7.9 7 0 0 0 1 0 909.575999745318 0 49 70.5 
2.8 -1.6 11.2 0 0 0 0.7 0 845.243999763332 0 50 70.6 
2.4 -3.5 9.3 0 0 0 0.9 0 1038.16799970931 0 51 83.6 
5 1.9 9.1 0 0 0 0.8 0 369.539999896529 3.2 52 94 
7.8 4.3 12.6 0 0 0 1.4 0 426.095999880692 1.5 53 87.3 
7.9 1.6 12.3 0 0 0 1.7 0 614.591999827913 0 54 79.3 
6 -1 15.1 0 0 0 1.1 0 1111.96799968865 0.1 55 85.3 
5.4 0.3 11 0 0 0 0.8 0 489.887999862833 0 56 89.3 
6.1 0.6 14 0 0 0 1 0 997.415999720723 1.1 57 88.9 
6.3 -0.3 8.7 0 0 0 2.1 0 616.391999827409 4.7 58 78.1 
2.6 -2 9 0 0 0 1.1 0 1000.07999971998 0 59 83.6 
5.5 1.9 9.1 0 0 0 0.7 0 157.931999955779 18.9 60 97.3 
7.6 4.8 9.2 0 0 0 4.8 0 244.367999931577 16.2 61 78.1 
7.6 4.9 9.4 0 0 0 3.9 0 159.803999955255 14.3 62 83.1 
6.7 1.2 10 0 0 0 1.9 0 244.691999931486 11.9 63 92 
0.8 -1.6 3.3 0 0 0 0.7 0 529.775999851662 0 64 91.9 
-0.2 -4.6 2.9 0 0 0 3.1 0 1140.37199968069 0 65 62.1 
-1.7 -6.8 4.4 0 0 0 1.2 0 1518.9479995747 0 66 68.1 
1 -4.6 9.7 0 0 0 1.1 0 1255.10399964857 0 67 70.4 
1.5 -1.6 2.9 0 0 0 0.7 0 209.735999941274 0.1 68 92.1 
3.9 0.8 9.1 0 0 0 1.4 0 977.903999726188 0 69 89 
6.8 -0.9 15.1 0 0 0 1.9 0 1347.08399962282 0 70 70.9 
6.9 2.8 9.8 0 0 0 1.9 0 484.127999864446 1.6 71 71.4 
7.7 4.7 12.1 0 0 0 3.5 0 636.011999821915 17.4 72 76.9 
4.4 2.2 6.4 0 0 0 3.1 0 457.595999871873 6.6 73 76.7 
4.8 2.4 8.5 0 0 0 1.3 0 206.315999942231 26 74 95.2 
5.8 1.4 11.7 0 0 0 1.2 0 1166.00399967352 0 75 88.6 
6.5 2.7 11.1 0 0 0 1 0 464.111999870047 3.9 76 90.1 
4.9 1.8 6.6 0 0 0 2.3 0 511.343999856824 5.8 77 80.2 
2.3 -0.7 6 0 0 0 3.4 0 1135.29599968212 0.3 78 62.2 
0.4 -1.9 3.9 0 0 0 1.7 0 805.463999774471 2.7 79 85.5 
0.6 -1.6 4.8 0 0 0 2.1 0 785.951999779932 1.3 80 85.3 
1.5 -0.2 3.9 0 0 0 2.9 0 185.795999947977 6.6 81 93.1 
1.3 -1.6 6.2 0 0 0 1 0 476.423999866602 0.5 82 87.4 
1.2 -1.9 5.3 0 0 0 2 0 869.183999756629 0 83 80.4 
-0.3 -3.1 3.6 0 0 0 1.9 0 1580.18399955755 1.4 84 66.3 
-1 -2.6 2.1 0 0 0 2.8 0 947.951999734572 2.3 85 83.1 
-0.4 -4.7 1.3 0 0 0 1.5 0 664.919999813822 0.8 86 86.4 
3.3 -0.2 8.9 0 0 0 1.1 0 887.039999751629 6 87 89.6 
5.1 -0.5 11.2 0 0 0 1.5 0 1730.15999951556 0.1 88 79.7 
6.5 -0.1 12.5 0 0 0 2.1 0 1441.15199959648 1.1 89 72.2 
8.6 -0.7 18.8 0 0 0 1.9 0 1806.94799949406 0 90 59.6 
9.8 2.9 16.1 0 0 0 1.9 0 1655.74799953639 0 91 68.4 
8.8 5.4 13.2 0 0 0 1 0 672.767999811626 0.3 92 86 
6.7 4.3 9.9 0 0 0 1.6 0 866.123999757486 10.1 93 85.6 
4.3 1.5 8.9 0 0 0 1.5 0 827.4959997683 4.4 94 89.1 
4.5 1.3 8.7 0 0 0 1.2 0 994.787999721461 1.2 95 89.2 
5.5 1 10.8 0 0 0 1.3 0 1129.93199968362 0.9 96 85.1 
5 2.4 7.7 0 0 0 1.7 0 864.251999758008 2.3 97 86 
2.2 -2.6 5 0 0 0 2.2 0 854.49599976074 3 98 80.9 
3.7 -3.7 10.2 0 0 0 1 0 1850.86799948176 0 99 73.2 
9.6 1.9 16.1 0 0 0 1.5 0 1541.4479995684 0 100 75.2 
12.5 6.9 16.5 0 0 0 1.6 0 1170.93599967214 0.5 101 75.9 
12.8 5.3 20.2 0 0 0 1.8 0 1626.98399954444 3.7 102 78.2 
7.2 3.3 11.9 0 0 0 1.7 0 1134.03599968247 0.5 103 78.7 
7.8 2.7 14.3 0 0 0 1.5 0 1589.291999555 0 104 76.6 
9.5 1.4 17.3 0 0 0 2 0 2169.03599939267 0.3 105 65.4 
6.5 5 9.1 0 0 0 2.2 0 636.731999821714 1.6 106 82.1 
5 1.4 8 0 0 0 1.3 0 900.791999747777 0.4 107 78.4 
4.8 0.9 10.6 0 0 0 1 0 1231.91999965506 3 108 77.1 
8.8 0.5 15.4 0 0 0 2.3 0 1943.35199945586 0 109 67.5 
8.6 6.4 9.9 0 0 0 1.9 0 601.091999831693 7.5 110 87.6 
11.5 4.9 18.5 0 0 0 1.7 0 2424.59999932111 0 111 73.3 
12.8 8.1 17.6 0 0 0 2.7 0 1532.69999957084 6.7 112 69.2 
9.1 6.8 11.1 0 0 0 3.1 0 524.267999853207 2.3 113 86.2 
9.3 5.9 15.1 0 0 0 1.9 0 1133.71199968256 0.3 114 77.1 
9.5 5.4 16.5 0 0 0 1.4 0 1727.38799951633 0 115 83.1 
7.5 3.1 11.8 0 0 0 1.7 0 1079.09999969785 6.3 116 94.8 
7.6 1.2 15.1 0 0 0 1.1 0 1499.68799958009 0.3 117 90.1 
10.9 2.2 19.6 0 0 0 1.8 0 2451.59999931355 0.1 118 70.3 
13.5 4 21.7 0 0 0 1.6 0 2335.57199934604 14.3 119 72.1 
9.3 4.8 11.7 0 0 0 1.5 0 575.747999838792 18.2 120 99.7 
10 2.2 18.6 0 0 0 1.4 0 2277.8639993622 0.1 121 79.6 
9.7 4.4 14.1 0 0 0 1.5 0 1535.32799957011 0.1 122 82.8 
10.2 2.5 17.5 0 0 0 1.5 0 1924.81199946105 0.1 123 78.5 
11.2 3.7 16.7 0 0 0 1.6 0 2271.70799936392 0 124 69.8 
11.2 3.7 17.9 0 0 0 1.4 0 2344.39199934357 0 125 65.4 
11.3 2.4 17.1 0 0 0 1.8 0 1816.12799949149 0 126 70.8 
12 6.2 18.8 0 0 0 1.1 0 1460.23199959113 1.7 127 83.1 
12.2 4.4 19.3 0 0 0 1.5 0 2448.79199931434 0 128 66.7 
13.4 4.4 21.4 0 0 0 1 0 2318.07599935094 0 129 63.1 
15.8 6.7 23.6 0 0 0 1.3 0 2610.57599926904 0 130 56.1 
15.9 9.2 21.9 0 0 0 1.6 0 2503.07999929914 0 131 49.6 
16.6 8.8 24.5 0 0 0 2.4 0 2616.04799926751 0 132 45.6 
16.4 8.5 24.5 0 0 0 1.7 0 2634.37199926237 0 133 47.6 
17.1 8 24.8 0 0 0 1.7 0 2675.55599925084 0 134 48.7 
17.4 8.7 23.6 0 0 0 1.4 0 2584.36799927638 0 135 51.7 
16.8 10.25 22.85 0 0 0 1.55 0 2263.33999936626 1.55 136 65.25 
16.2 11.8 22.1 0 0 0 1.5 0 1942.30799945616 3.1 137 78.8 
16.5 11.2 21.4 0 0 0 1.2 0 1575.46799955887 0.1 138 77.3 
12.8 9.9 15.3 0 0 0 1.8 0 725.003999797 28 139 99 
11.83 9.23 14.27 0 0 0 2.03 0 817.5528 5 140 95.13 
10.87 8.57 13.23 0 0 0 2.27 0 909.936 1 141 91.25 
9.9 7.9 12.2 0 0 0 2.5 0 1002.63599971926 0.8 142 87.4 
12 9 14.4 0 0 0 1.7 0 1132.55999968288 0 143 74.9 
12.8 7.3 17.5 0 0 0 0.9 0 1522.1519995738 0 144 77.4 
15.3 6.7 21.8 0 0 0 1.1 0 2494.6559993015 0 145 69.2 
16.7 11.5 22.4 0 0 0 1.2 0 2040.76799942859 0.1 146 74.7 
17.2 11.3 23.6 0 0 0 1 0 1425.05999960098 0 147 81.3 
21.5 12.5 29.6 0 0 0 1.3 0 2671.34399925202 0 148 70.3 
21.8 15.9 28.6 0 0 0 0.9 0 1717.70399951904 0 149 76.3 
22.3 16.3 30 0 0 0 1.2 0 2329.3079993478 0 150 74.4 
22.5 14.3 31.5 0 0 0 1.9 0 2710.87199924095 0.4 151 60.7 
18.6 11.9 24.9 0 0 0 1.3 0 2468.62799930879 0.1 152 78.8 
20.7 12.5 27.7 0 0 0 1.2 0 2824.16399920923 0 153 68.5 
22 14.3 30.1 0 0 0 1.4 0 2857.06799920002 13.9 154 69.2 
17.3 15.5 20.2 0 0 0 1.2 0 1001.15999971968 5.6 155 94.5 
17 15.2 21.8 0 0 0 0.9 0 892.763999750027 7.5 156 94.5 
16.9 12.7 22.7 0 0 0 1.6 0 1213.09199966033 13.7 157 91.2 
16.6 11.3 20.9 0 0 0 1.7 0 1807.19999949398 4.2 158 80.6 
16.9 12.1 23.5 0 0 0 1.2 0 1761.83999950668 6.8 159 86 
15.6 12.2 22.1 0 0 0 1.2 0 1443.05999959594 15.1 160 90.9 
17.1 11 22.7 0 0 0 1 0 2172.63599939166 0.6 161 83 
19.5 11.3 26.7 0 0 0 1 0 2541.49199928838 0 162 71.4 
16.8 10.2 22.3 0 0 0 1.9 0 1659.59999953531 16.7 163 81.8 
14.3 8.1 19.4 0 0 0 1.2 0 2076.51599941857 6.7 164 72.2 
10.9 5.8 15 0 0 0 1.7 0 1685.87999952795 2.4 165 78.4 
11.4 4.2 17.9 0 0 0 1.2 0 2259.93599936722 0.1 166 70.6 
12.2 5.6 18.1 0 0 0 1.1 0 2017.22399943518 0.3 167 75 
12.8 10.6 15.4 0 0 0 0.9 0 1159.45199967535 3.4 168 83.6 
14 10.8 16.6 0 0 0 0.6 0 905.615999746427 0.2 169 82.8 
16.1 11.6 21.5 0 0 0 1.1 0 1903.28399946708 0 170 79.9 
17.9 9.9 25 0 0 0 1.4 0 2679.62399924971 0.1 171 71.9 
18.3 12.3 23.6 0 0 0 1.3 0 2486.0519993039 0 172 70.2 
19.8 12.7 26.7 0 0 0 1.1 0 2700.28799924392 0 173 70 
22.1 13.1 30.9 0 0 0 1.1 0 2754.32399922879 0 174 67.4 
21.4 15.6 27.8 0 0 0 1.2 0 2188.2239993873 5.2 175 77.9 
20.1 16.1 24.6 0 0 0 0.8 0 1764.14399950604 8.1 176 82.2 
21.8 14.7 29.8 0 0 0 1.2 0 2432.80799931882 0.1 177 75.2 
19.5 14.2 24.1 0 0 0 1.1 0 2116.00799940752 0 178 71 
18.2 11.9 24.5 0 0 0 1.7 0 2316.27599935144 0 179 67 
17.4 10.2 23.7 0 0 0 1.3 0 1819.79999949046 0 180 72.8 
20.1 13 27.2 0 0 0 0.8 0 2458.47599931163 0 181 70.4 
20.3 13.9 25.9 0 0 0 1.4 0 2524.57199929312 0.4 182 67.2 
20.5 11.1 28.8 0 0 0 1 0 2871.0719991961 0 183 63.9 
22.7 14 30.5 0 0 0 1.1 0 2810.37599921309 0 184 62.5 
21.8 15 30.2 0 0 0 1.6 0 2599.19999927222 16.1 185 68.2 
17.8 10.3 23.2 0 0 0 2.2 0 2328.9479993479 0.8 186 67.6 
16.7 8.7 24.7 0 0 0 1 0 2496.52799930097 0 187 63.3 
18.3 10.9 27 0 0 0 1.3 0 2072.37599941973 8.6 188 74.6 
15.7 10.5 19.4 0 0 0 1.3 0 1109.87999968923 3.3 189 87.1 
15.2 9.3 20.5 0 0 0 1.6 0 2112.51599940849 1 190 76.4 
15.1 11.3 19.7 0 0 0 1.2 0 1312.12799963261 0.2 191 79.4 
19.4 13.6 26.4 0 0 0 1.2 0 2418.9119993227 0.8 192 71.8 
21.6 14.6 30.2 0 0 0 1.8 0 2469.09599930865 20.5 193 68.1 
16.5 13.3 21.1 0 0 0 0.9 0 1002.88799971919 3.5 194 88.6 
14.4 13.2 16.8 0 0 0 1.8 0 639.611999820907 6.8 195 89.8 
14.7 12.9 18 0 0 0 1.1 0 743.507999791819 1.5 196 86 
16.3 11.7 22.9 0 0 0 0.9 0 1641.4199995404 0 197 74.4 
17.9 9.9 25.4 0 0 0 1.1 0 1934.9999994582 0 198 73.6 
15 12.6 17.6 0 0 0 1.2 0 963.64799973018 2.2 199 82.9 
15.2 12.4 19.5 0 0 0 1.1 0 1329.69599962768 4 200 84.6 
18.6 11.9 25.5 0 0 0 1.6 0 2054.80799942465 3.3 201 70.9 
17.1 12.1 24.6 0 0 0 1.2 0 2032.23599943097 5.9 202 81.2 
13.4 8.8 18.9 0 0 0 1.5 0 1824.69599948908 0.5 203 70.7 
11.8 10 15.5 0 0 0 1.4 0 664.307999813995 3.7 204 88.7 
15.4 10.1 20.6 0 0 0 1.4 0 1829.87999948763 0 205 72.7 
16.6 14.4 19.3 0 0 0 1.4 0 689.903999806828 0 206 72.7 
19.6 16 25.6 0 0 0 1.1 0 1696.35599952502 0 207 77.5 
20.1 14.4 28.6 0 0 0 0.8 0 2148.47999939843 11.9 208 81.3 
22.1 16 29.3 0 0 0 0.6 0 2342.23199934417 0.1 209 68.9 
22 14.1 29.8 0 0 0 0.7 0 2657.8439992558 0 210 60 
22.2 13.7 29.9 0 0 0 0.8 0 2430.97199931933 0 211 63.9 
21.7 14.8 29.5 0 0 0 0.6 0 2320.05599935038 0 212 72.7 
20.8 15.2 28.5 0 0 0 0.9 0 1719.10799951865 0.3 213 75.2 
21.3 13 28.6 0 0 0 1.1 0 1872.71999947564 6.6 214 72.9 
19.3 16.8 24.4 0 0 0 0.9 0 1502.42399957932 8.2 215 85.4 
19.6 15.2 25.2 0 0 0 1.1 0 1724.50799951714 5.3 216 81.7 
18.9 14.9 24.7 0 0 0 1.9 0 1713.13199952032 1 217 77.6 
18.4 12.7 24.1 0 0 0 2.1 0 2245.93199937114 0 218 69.8 
18.9 10.7 27 0 0 0 0.8 0 2419.45199932255 0 219 67.4 
21.7 12.1 30.6 0 0 0 1.4 0 2451.59999931355 16 220 66.9 
18.5 13.7 22.4 0 0 0 1.7 0 1489.75199958287 2.1 221 79.9 
16 11 21.2 0 0 0 1.6 0 1865.98799947752 0.7 222 74.2 
17.6 10.6 25.5 0 0 0 1.2 0 2160.75599939499 0 223 76.7 
19.4 11.7 26.8 0 0 0 1.1 0 1958.18399945171 3.2 224 75.1 
19.3 15.4 26.2 0 0 0 1.6 0 1428.51599960001 3 225 84.7 
16.8 14.3 21.4 0 0 0 1.8 0 1442.77199959602 0.9 226 80.9 
19.2 12.4 25.9 0 0 0 0.8 0 2215.7279993796 0 227 64.3 
14.2 11.9 17 0 0 0 2 0 357.623999899865 6.3 228 87 
13.1 8.8 18.1 0 0 0 1.5 0 894.743999749472 0 229 79.7 
13.4 6.2 21.6 0 0 0 0.9 0 2051.24399942565 0.1 230 77.5 
17.2 9.6 25.7 0 0 0 1.4 0 2188.61999938719 0 231 72.9 
20 12.5 28.5 0 0 0 1.5 0 2028.59999943199 13.9 232 71 
17.3 13.8 21.3 0 0 0 1.4 0 1483.48799958462 1.1 233 81.3 
16.7 10.1 23 0 0 0 0.8 0 2112.65999940845 0 234 75.4 
17.5 10.5 25.6 0 0 0 0.9 0 1720.7279995182 14.2 235 78.3 
15.3 11.8 19 0 0 0 1.8 0 1326.45599962859 1.2 236 78.8 
13.5 8.4 19.5 0 0 0 1.6 0 1506.92399957806 0 237 78.7 
14.4 7.9 21.9 0 0 0 1 0 1488.70799958316 0 238 80.2 
17.2 12.1 24.6 0 0 0 0.8 0 1617.58799954708 0 239 78.1 
17.4 10.2 25.5 0 0 0 0.9 0 2137.10399940161 0 240 75.5 
17.5 10.6 25 0 0 0 1.3 0 1800.86399949576 0 241 76.6 
15.2 10.2 19.5 0 0 0 1 0 837.539999765489 0 242 79.9 
16.7 9.8 23.6 0 0 0 0.8 0 1792.29599949816 0 243 73.2 
17.2 9.6 25.7 0 0 0 1.2 0 2071.69199941992 0 244 69.2 
16.1 13.6 20.5 0 0 0 0.8 0 708.875999801514 4.2 245 88.4 
17.7 13.6 24.5 0 0 0 0.8 0 1433.98799959848 0 246 85.5 
19 12 27.1 0 0 0 1.5 0 1754.35199950878 13.6 247 77 
17 15.1 21 0 0 0 1.2 0 1013.07599971634 3.6 248 90.1 
18.4 14.1 25 0 0 0 1 0 1588.9319995551 0.1 249 82.4 
22 15.8 29.5 0 0 0 1.5 0 1823.00399948956 0 250 64 
14.4 9.9 17 0 0 0 0.9 0 385.127999892166 1.9 251 89.1 
13.9 9.6 20.2 0 0 0 0.9 0 1329.62399962771 0 252 84.6 
14.9 7 23.8 0 0 0 1.1 0 1938.52799945721 0.1 253 74.7 
17.2 10.4 24.3 0 0 0 0.8 0 1354.10399962085 0.3 254 80.6 
20.2 13.7 26.8 0 0 0 0.8 0 1746.32399951103 0.1 255 73.9 
17.9 14.7 24.6 0 0 0 1.3 0 1303.63199963498 23.7 256 84.4 
13.7 9 17.1 0 0 0 2.2 0 1034.24399971041 0 257 70.7 
9.3 6.6 13.6 0 0 0 2.6 0 1061.60399970275 1.6 258 70.5 
7.7 6.6 8.6 0 0 0 1.8 0 380.663999893415 8.8 259 87.8 
7.6 6.1 9 0 0 0 1.5 0 363.131999898322 0 260 78.4 
6.8 1.4 9.8 0 0 0 1.3 0 784.979999780206 0 261 70.8 
6.5 -0.2 13.9 0 0 0 0.8 0 1559.12399956345 0 262 77.3 
8.1 0.2 14.6 0 0 0 1.5 0 1363.42799961824 0 263 68 
8.7 6.8 11.1 0 0 0 1.3 0 425.843999880765 0 264 76 
9.4 7.1 12.9 0 0 0 1.3 0 899.243999748212 0 265 79.5 
8.9 7.6 11.4 0 0 0 0.7 0 524.195999853224 5.8 266 90.8 
7.7 3.6 12.1 0 0 0 1.1 0 1196.81999966489 0 267 89.4 
7.6 1.4 12.4 0 0 0 0.9 0 615.779999827582 0.4 268 87 
10.3 9.4 12.6 0 0 0 2.5 0 516.383999855413 0 269 83.1 
10 8.1 13.4 0 0 0 2.1 0 758.771999787542 0 270 76.1 
10 4.6 15.7 0 0 0 1.3 0 1063.76399970215 0 271 74 
8.3 2.4 16.5 0 0 0 0.9 0 1470.77999958818 0 272 79.8 
6.9 0.9 13.1 0 0 0 0.7 0 817.667999771054 0 273 88.1 
9.5 4.9 14.6 0 0 0 1.3 0 678.959999809891 6.9 274 85.7 
11.8 8.9 16.3 0 0 0 2.4 0 406.799999886096 1.7 275 75.8 
10.5 7.9 13.3 0 0 0 1.4 0 544.6439998475 0 276 79.6 
7.4 4.6 9.5 0 0 0 0.8 0 376.847999894484 5.1 277 91.7 
5.7 0.9 9.4 0 0 0 1.3 0 638.099999821332 0.2 278 88.6 
6.5 0.1 13.9 0 0 0 1.4 0 1302.33599963535 0 279 81.4 
10.5 6.8 15.8 0 0 0 0.9 0 514.079999856058 6.9 280 89.8 
11.2 6.7 17.7 0 0 0 0.6 0 746.927999790862 0.1 281 90.3 
10.9 6.8 18.3 0 0 0 0.7 0 865.043999757788 0.1 282 91 
10.3 6.7 14.5 0 0 0 0.6 0 448.271999874482 0 283 94.3 
9.9 7.3 13.1 0 0 0 0.7 0 450.431999873878 0.1 284 96.1 
10.2 8.8 11.5 0 0 0 0.9 0 216.215999939459 0.3 285 94.9 
9.6 5.8 12.2 0 0 0 0.9 0 306.647999914139 0.1 286 95.1 
9.9 4.1 18.8 0 0 0 0.7 0 1022.18399971379 0.2 287 89.9 
12.2 8.1 16.8 0 0 0 0.5 0 500.939999859737 0.1 288 93.3 
13.8 12 18.6 0 0 0 0.6 0 571.751999839908 0 289 90.3 
10.8 7.1 14.4 0 0 0 1.2 0 181.763999949106 13.2 290 94 
6.2 0.5 11.4 0 0 0 1.4 0 981.539999725169 0 291 83.1 
4.6 -1.1 13.2 0 0 0 0.8 0 1086.11999969589 0 292 83.3 
3.9 -0.9 12.4 0 0 0 0.7 0 861.083999758897 0 293 89.7 
7.9 1.2 16.3 0 0 0 1 0 985.139999724161 0 294 87.9 
11.8 7.2 18.1 0 0 0 1.3 0 891.14399975048 0.1 295 84.6 
9.7 5.4 15 0 0 0 2.5 0 625.103999824972 1.1 296 88.1 
5.5 0.8 10.9 0 0 0 1.3 0 742.31999979215 1.1 297 83.6 
4.3 -0.7 7.6 0 0 0 1 0 638.063999821343 0 298 86.5 
5.4 0.5 10.6 0 0 0 0.8 0 634.391999822369 0 299 85.4 
2.9 -1.1 4.7 0 0 0 1 0 208.043999941748 0 300 96.3 
6.5 3.4 9.6 0 0 0 0.9 0 347.903999902587 0.4 301 92.9 
7.6 6.4 8.7 0 0 0 0.7 0 127.727999964236 10.5 302 95 
5.7 5.2 6.8 0 0 0 3.5 0 140.651999960617 3.9 303 90.6 
3.6 0.9 5.2 0 0 0 1.5 0 158.939999955497 9.2 304 91 
4.3 -0.8 7.7 0 0 0 0.7 0 451.115999873687 0 305 88.3 
8.2 3.7 15.3 0 0 0 1.4 0 845.783999763181 0 306 82 
6.8 2.8 9.4 0 0 0 0.8 0 292.751999918029 0 307 95.3 
7.9 5.1 13.6 0 0 0 0.7 0 573.731999839354 0 308 93.2 
7.2 3 11.4 0 0 0 2.2 0 567.82799984101 0.2 309 90.1 
12.3 5.5 21.4 0 0 0 1.5 0 775.367999782899 0 310 79.2 
5.5 2.8 7.3 0 0 0 0.6 0 309.743999913272 0.1 311 97.5 
7.4 6.3 8.2 0 0 0 0.5 0 109.763999969266 0.2 312 95.8 
6.8 4.5 11.3 0 0 0 0.7 0 424.979999881006 0 313 94 
5.6 2.5 8.8 0 0 0 1 0 263.555999926204 0.1 314 95.3 
6.4 3.6 12.3 0 0 0 1.1 0 615.383999827693 0 315 88.9 
5.6 3.4 8.7 0 0 0 1.5 0 258.731999927555 0 316 94 
5.5 3.3 7.7 0 0 0 0.6 0 189.683999946888 1.1 317 95.8 
5.5 4.2 7.2 0 0 0 0.3 0 224.747999937071 2 318 96.2 
4.8 1.4 9.5 0 0 0 0.8 0 605.015999830595 0 319 92.7 
3.2 1.1 7.2 0 0 0 0.6 0 334.583999906316 0 320 94.1 
4.4 2.5 7.4 0 0 0 1.1 0 107.89199996979 5 321 96 
2.3 -1.2 6.2 0 0 0 1 0 306.683999914129 0 322 91.3 
0.5 -1.4 2 0 0 0 1 0 195.335999945306 0 323 92.8 
4.1 1.7 6.7 0 0 0 1 0 282.671999920852 2.5 324 91.3 
6.4 4.9 7.6 0 0 0 3.2 0 81.7199999771184 8 325 82.3 
3.6 -0.5 6.1 0 0 0 3.3 0 84.3119999763927 22.3 326 89.3 
-1.1 -2.3 -0.2 0 0 0 3.5 0 273.815999923332 1.4 327 82.8 
-2 -5.7 -0.4 0 0 0 2.1 0 184.42799994836 1.2 328 83.9 
-1.2 -3.8 1.1 0 0 0 1 0 251.207999929662 1.1 329 91.6 
-0.3 -1.6 1.5 0 0 0 1.3 0 392.867999889998 0 330 86.6 
-0.2 -1.7 2.2 0 0 0 1 0 283.42799992064 0 331 88.7 
0 -3 4.4 0 0 0 0.6 0 503.85599985892 0 332 89.4 
-0.6 -3.2 2 0 0 0 1.1 0 353.951999900893 0 333 88.1 
-0.6 -2.8 1.5 0 0 0 1.2 0 263.879999926114 0 334 88 
0.1 -2.2 4.4 0 0 0 0.9 0 323.603999909391 0 335 88 
2.4 -1 6.3 0 0 0 2 0 271.799999923896 1.3 336 83.7 
1.7 -1.4 4.1 0 0 0 1.3 0 109.115999969448 0 337 89.7 
0.5 -3 4.2 0 0 0 1.4 0 547.703999846644 2.1 338 86.7 
2 0.6 4.8 0 0 0 1 0 308.879999913514 0.1 339 90.7 
1.2 -0.7 3.3 0 0 0 0.9 0 186.011999947917 2.2 340 92.1 
3.3 0.6 6.5 0 0 0 1.3 0 270.03599992439 5.7 341 89 
2.9 1.1 4.5 0 0 0 1.8 0 163.547999954207 1.1 342 90.5 
-0.1 -2.8 1.9 0 0 0 0.9 0 144.791999959458 0 343 93.9 
-2.9 -3.9 -2.1 0 0 0 0.8 0 118.547999966807 0 344 96.3 
-0.7 -2.4 1.5 0 0 0 1.1 0 137.015999961636 0 345 95.5 
-0.7 -1 -0.4 0 0 0 0.6 0 57.6359999838619 0.7 346 95.3 
-0.1 -0.9 1 0 0 0 0.8 0 139.6439999609 0.2 347 92.8 
0.1 -2.4 1.5 0 0 0 1.1 0 196.739999944913 0 348 92 
1.8 -1.1 6.8 0 0 0 1.3 0 410.975999884926 0 349 87.5 
3 -1 7.7 0 0 0 2.6 0 410.14799988516 0 350 83.4 
2.7 1 4.8 0 0 0 3.5 0 400.103999887972 0 351 86.4 
0.8 -0.4 3 0 0 0 1.3 0 51.8039999854949 3.1 352 95 
0 -0.7 0.8 0 0 0 1 0 62.4959999825011 0.2 353 94.1 
0.3 -0.5 2.2 0 0 0 1.2 0 55.1159999845675 5 354 94.6 
1.9 -0.1 5.2 0 0 0 1.7 0 72.2159999797795 21.5 355 95.9 
1.8 -0.7 5.2 0 0 0 0.8 0 103.931999970899 6.8 356 95.9 
4.7 2.2 6.2 0 0 0 1.7 0 69.4799999805456 7.7 357 96.2 
2.9 -0.5 5.7 0 0 0 1.6 0 237.383999933532 0 358 91.4 
2.3 -0.6 4 0 0 0 1 0 127.151999964397 1.2 359 96.2 
1.1 -1.2 3.7 0 0 0 2.2 0 319.967999910409 0.1 360 79.3 
-2.1 -5 0.2 0 0 0 1.6 0 401.183999887669 0 361 71.3 
-2.2 -4 -1.2 0 0 0 1.7 0 150.119999957966 0 362 70.4 
-2.9 -6.4 0.8 0 0 0 2.4 0 414.431999883958 0 363 70.6 
-4.2 -7 -0.6 0 0 0 2.2 0 415.835999883565 0 364 74.9 
-4.9 -8.5 -0.6 0 0 0 1.5 0 497.843999860604 0 365 77.9 
-4.9 -8.5 -0.6 0 0 0 1.5 0 497.843999860604 0 366 77.9 
