Tp_av	Tpmin	Tpmax	T_s10	T_s20	vappd	wind	sundu	radia	prec	tagesnummer	RF	
C_deg	C_deg	C_deg	C_deg	C_deg	mm_Hg	m/se	hours	J/cm²	mm	jday	%
50	-----	-----	-----	-----	-----	2m	-----	------	--	0	0	
2.1	-1.9	4.3	0	0	0	1.0059	0	212.76	0.24	1	86	
-0.5	-4.3	1.2	0	0	0	0.5868	0	123.84	0	2	97	
0.1	-0.4	0.6	0	0	0	0.3353	0	62.28	0.61	3	99	
-1.3	-1.9	-0.5	0	0	0	0.7544	0	54	0.12	4	99	
-0.7	-1.6	0	0	0	0	2.347	0	47.52	0	5	95	
-1.6	-2.3	-0.9	0	0	0	2.0117	0	63.72	0	6	96	
-1.2	-2	0	0	0	0	1.1735	0	125.28	0	7	94	
-2.4	-6	0.7	0	0	0	0.922	0	375.12	0	8	87	
-5.7	-8.6	0.1	0	0	0	0.3353	0	350.64	0	9	89	
-6.2	-10.6	-0.5	0	0	0	0.5868	0	360	0	10	88	
-2.7	-8	3.8	0	0	0	0.922	0	408.24	0.12	11	77	
0.3	-1.3	3	0	0	0	0.2515	0	205.56	2.44	12	92	
-1.2	-3.1	1	0	0	0	0.5868	0	392.76	0	13	90	
-5.6	-8.6	1	0	0	0	0.4191	0	454.68	0	14	86	
-5.3	-10.1	-0.5	0	0	0	1.0897	0	510.12	0	15	73	
-5.3	-9.4	1.6	0	0	0	0.7544	0	487.08	0	16	75	
-2.3	-6.8	1	0	0	0	1.8441	0	166.32	1.34	17	79	
0.8	-2.3	1.9	0	0	0	2.5985	0	116.64	2.56	18	90	
-1.5	-3.2	1	0	0	0	0.5868	0	240.12	0	19	92	
3.1	0.9	5	0	0	0	1.6765	0	163.08	2.44	20	87	
2.6	1.1	3.9	0	0	0	2.7661	0	100.08	3.05	21	85	
-7.4	-11	0.6	0	0	0	0.0838	0	190.44	0	22	88	
-12.7	-14.6	-10.3	0	0	0	0	0	511.2	0	23	78	
-9	-15.3	-0.4	0	0	0	0.3353	0	524.52	0	24	75	
-5	-7.3	-2.1	0	0	0	1.0059	0	347.4	0	25	61	
-6.7	-8.8	-5.4	0	0	0	0.6706	0	231.12	0	26	84	
-9.6	-13.5	-5.4	0	0	0	0.2515	0	470.52	0	27	83	
-9.3	-13	-3.4	0	0	0	0.2515	0	471.24	0	28	87	
-8.9	-13.4	-2	0	0	0	0.1676	0	443.52	0	29	87	
-7.2	-12.2	-0.3	0	0	0	0.3353	0	425.88	0	30	89	
-4.2	-7.4	-2.1	0	0	0	0.5868	0	120.96	0	31	97	
-4.4	-7.6	1.1	0	0	0	0.4191	0	583.56	0	32	93	
-7.1	-11.4	-1.3	0	0	0	0.4191	0	488.16	0	33	92	
-4.2	-6.4	-2.1	0	0	0	0.5029	0	111.24	0	34	96	
-2.3	-5.3	-0.9	0	0	0	0.922	0	73.8	0	35	96	
-6.7	-10.2	-2.9	0	0	0	0.2515	0	324.72	0	36	90	
-3.9	-9.9	-0.1	0	0	0	0.6706	0	434.16	1.11	37	88	
2.3	0.1	3.7	0	0	0	3.6882	0	178.92	2.95	38	91	
2.6	1.5	3.8	0	0	0	3.0176	0	184.68	1.11	39	82	
0.6	-0.7	1.4	0	0	0	3.772	0	391.68	1.23	40	77	
-0.3	-0.9	0.2	0	0	0	2.85	0	174.96	1.97	41	93	
-1.1	-3.4	1.1	0	0	0	0.922	0	662.04	0	42	85	
-2.8	-7.2	3	0	0	0	0.8382	0	714.96	0	43	81	
-2.3	-7.3	4	0	0	0	0.5029	0	786.24	0	44	76	
-4.4	-10.2	0.8	0	0	0	0.6706	0	298.08	0	45	88	
2.7	0	4.3	0	0	0	2.0117	0	336.96	0.25	46	83	
3.8	2.7	5.1	0	0	0	1.1735	0	263.88	2.21	47	90	
4.3	2.6	6.4	0	0	0	2.0117	0	473.04	1.72	48	77	
4.1	1.8	7.2	0	0	0	1.5926	0	425.52	0.25	49	77	
4.1	0.9	9.3	0	0	0	1.1735	0	700.92	0.12	50	72	
0.2	-0.2	1.3	0	0	0	0.922	0	123.12	2.34	51	94	
-0.1	-0.2	0	0	0	0	0.7544	0	141.84	0	52	99	
-1.2	-1.9	-0.1	0	0	0	0.5868	0	245.88	0	53	91	
-1.8	-2.7	-0.2	0	0	0	0.7544	0	635.76	0	54	73	
-1.7	-4.4	1.4	0	0	0	2.7661	0	684.72	0	55	75	
-3.4	-3.9	-2.9	0	0	0	2.7661	0	321.84	0	56	79	
-3.6	-6.5	-2.3	0	0	0	0.922	0	300.6	1.35	57	84	
-4.7	-11.4	0.1	0	0	0	0.5868	0	825.12	0	58	87	
-0.6	-3	2	0	0	0	1.8441	0	683.28	0	59	75	
-0.8	-2.7	1.1	0	0	0	2.1794	0	642.24	0.83	60	74	
-1.6	-3.9	1.5	0	0	0	2.4309	0	1045.08	0	61	63	
-1.4	-4.2	2.3	0	0	0	1.3412	0	542.88	1.9	62	77	
-1.9	-4	1.6	0	0	0	1.0897	0	747.72	0.24	63	77	
-1	-6.6	3.7	0	0	0	1.9279	0	1186.2	0	64	67	
-0.2	-1.9	2.5	0	0	0	1.9279	0	668.88	0.71	65	84	
-1.8	-7	0.7	0	0	0	1.2573	0	837	1.43	66	83	
-1.8	-7.5	3.7	0	0	0	1.6765	0	980.64	0.36	67	75	
0.9	-1.4	3.1	0	0	0	0.4191	0	271.8	15.71	68	97	
3.3	-0.1	7	0	0	0	1.5088	0	874.8	4.05	69	80	
-2.1	-5.4	0	0	0	0	1.1735	0	151.56	2.26	70	96	
-4.8	-6	-3.4	0	0	0	2.4309	0	784.44	0.48	71	83	
-4.7	-8.1	-1.2	0	0	0	0.8382	0	1294.92	0	72	78	
-4.1	-10.9	-0.9	0	0	0	0.922	0	1470.24	0	73	69	
-2.9	-6.2	-1.2	0	0	0	0.922	0	450.72	0.12	74	84	
-1.1	-2.7	0.2	0	0	0	0.5868	0	365.04	0.24	75	89	
-0.7	-1.4	-0.4	0	0	0	0.7544	0	238.32	0.12	76	97	
-0.9	-1.4	-0.2	0	0	0	0.6706	0	263.52	0	77	96	
-0.6	-2.5	2.8	0	0	0	0.8382	0	943.92	0	78	87	
0.1	-1.7	3.5	0	0	0	0.6706	0	848.52	0	79	88	
0.6	-1.3	3	0	0	0	0.5868	0	575.28	0	80	78	
0.8	-2	3.9	0	0	0	0.4191	0	1077.12	0	81	67	
-0.3	-5.1	4.1	0	0	0	0.922	0	1607.4	0	82	65	
3.9	-2.6	9.8	0	0	0	1.2573	0	1365.48	0	83	45	
8.2	5.4	13	0	0	0	1.5088	0	535.68	2.62	84	79	
10.8	6	14.9	0	0	0	1.5926	0	496.8	6.66	85	86	
13.5	9.5	18.6	0	0	0	2.0956	0	1014.48	3.09	86	71	
10.4	7.9	13.3	0	0	0	1.7603	0	752.04	0.95	87	66	
8	5.9	11	0	0	0	2.1794	0	847.08	0.36	88	69	
8.8	5.7	11.3	0	0	0	1.9279	0	489.24	5.24	89	78	
11.2	8.9	14.2	0	0	0	3.1014	0	1081.8	7.62	90	71	
10.2	7	13.8	0	0	0	2.0117	0	642.6	2.86	91	74	
9.8	4.8	15.3	0	0	0	1.8441	0	1277.64	1.98	92	74	
6.8	2	10.1	0	0	0	2.5147	0	687.24	0.44	93	72	
3.8	-0.4	8.3	0	0	0	1.5926	0	1212.48	2.75	94	72	
2.7	-0.3	6.5	0	0	0	0.922	0	1248.84	0	95	67	
3.6	-0.9	8.6	0	0	0	1.3412	0	1158.84	0	96	64	
6.6	0.5	11.8	0	0	0	1.1735	0	1230.48	0	97	52	
8.8	0.6	14.6	0	0	0	1.8441	0	1779.84	0	98	46	
6.2	0.5	12	0	0	0	1.5926	0	1616.76	0	99	58	
4.1	1.4	6.7	0	0	0	1.0897	0	639.36	0	100	66	
3.7	0.8	8	0	0	0	1.425	0	1148.76	0	101	63	
4.5	2.4	6.3	0	0	0	1.425	0	410.04	0	102	76	
7.1	3.3	9.6	0	0	0	2.6823	0	819	0.22	103	74	
7.5	1.7	11.8	0	0	0	2.2632	0	778.32	2.2	104	78	
7.8	-0.3	14.2	0	0	0	0.8382	0	1424.16	0.88	105	73	
10.4	8.7	12.2	0	0	0	2.5985	0	374.4	6.6	106	84	
9.7	7.7	14.1	0	0	0	1.5926	0	915.48	3.74	107	81	
10.2	5.2	14.8	0	0	0	1.5088	0	1587.6	0	108	62	
10.5	5.8	15.6	0	0	0	0.3353	0	1197.72	0	109	66	
10.8	2.8	17.6	0	0	0	0.5868	0	1844.64	0	110	64	
13.3	4.7	21.5	0	0	0	0.6706	0	1446.48	0	111	61	
9.5	6	14.1	0	0	0	0.7544	0	747	6.16	112	84	
9.4	5	13.7	0	0	0	0.7544	0	1054.08	0.77	113	82	
9	3.3	15.4	0	0	0	0.5029	0	1439.64	0	114	79	
13.9	3.9	22.2	0	0	0	0.5029	0	1952.28	0	115	64	
14.8	10.3	20.1	0	0	0	0.7544	0	1041.84	1.65	116	75	
11.7	10.4	12.6	0	0	0	1.2573	0	185.4	7.26	117	97	
9	5.5	12.4	0	0	0	1.0897	0	958.32	4.95	118	74	
4.8	1.7	9.5	0	0	0	1.5088	0	1141.2	0.33	119	77	
5.7	0.9	12	0	0	0	0.8382	0	1523.16	0	120	72	
9.7	1.4	16	0	0	0	0.922	0	1941.84	0	121	60	
12.6	7.7	18.5	0	0	0	0.7544	0	1679.4	1.26	122	64	
15.7	4.5	24.7	0	0	0	0.922	0	2131.56	0	123	54	
15.8	6	22	0	0	0	1.9279	0	2179.44	0	124	54	
15.6	7.1	21.3	0	0	0	2.0956	0	2201.76	0	125	47	
14.2	5.5	21	0	0	0	1.2573	0	1706.76	0	126	49	
14.3	5.5	21.2	0	0	0	1.5088	0	1911.96	0	127	52	
14.1	4.7	21.9	0	0	0	1.2573	0	1959.84	0	128	55	
14.3	7.6	21.7	0	0	0	1.1735	0	1960.92	6.09	129	65	
13.8	5.4	20.6	0	0	0	0.922	0	2371.68	0	130	53	
13.5	3.9	21.3	0	0	0	0.5029	0	2369.16	0	131	59	
15.6	4.8	24.9	0	0	0	0.6706	0	2100.6	0	132	56	
12.8	8	18.2	0	0	0	0.6706	0	864	3.15	133	78	
11.6	6.7	15.2	0	0	0	0.922	0	800.64	1.68	134	84	
13.5	5.3	20.4	0	0	0	0.5029	0	1843.92	0	135	69	
17.9	12.7	22.3	0	0	0	1.425	0	1812.96	0.32	136	59	
13.5	9.6	16.7	0	0	0	0.4191	0	994.68	0.95	137	83	
13.2	8.9	18.6	0	0	0	1.0059	0	645.12	4.73	138	90	
13.5	10	16.9	0	0	0	1.8441	0	1548.72	3.57	139	70	
12.3	8.3	16.7	0	0	0	1.8441	0	1205.28	4.83	140	69	
13.6	9.4	17.4	0	0	0	1.9279	0	1353.24	0.21	141	60	
16.3	11	25	0	0	0	1.6765	0	1495.8	0.63	142	63	
13.3	6.9	17.2	0	0	0	2.4309	0	2034	0	143	58	
12	4	17.1	0	0	0	1.5088	0	2083.32	0	144	55	
10.5	8.9	12.1	0	0	0	1.3412	0	686.52	2.21	145	76	
10.9	8.3	15.3	0	0	0	1.0897	0	1393.92	11.97	146	79	
14.2	10.6	19	0	0	0	1.8441	0	1353.24	8.29	147	81	
13.4	8.8	16.6	0	0	0	2.9338	0	2258.64	6.2	148	66	
10.5	5.7	15.9	0	0	0	1.3412	0	1819.44	0.11	149	68	
8.5	6.6	11.1	0	0	0	2.1794	0	1501.2	0.73	150	74	
6.8	4.1	9.5	0	0	0	1.9279	0	647.28	27.62	151	91	
7.5	5.3	11.3	0	0	0	1.7603	0	1392.84	0.63	152	79	
9.8	3.4	15.3	0	0	0	0.5868	0	2235.24	0	153	70	
9.7	3.6	16	0	0	0	1.3412	0	1770.48	0.42	154	79	
10.1	7.2	12.3	0	0	0	1.8441	0	1182.24	0.42	155	67	
8.6	4.1	11.4	0	0	0	1.0897	0	1014.48	0	156	68	
9.4	5.8	14.8	0	0	0	0.8382	0	1205.64	3.68	157	82	
11.1	3.4	18.3	0	0	0	0.5029	0	2116.44	0	158	71	
13.6	4.6	21.6	0	0	0	0.5868	0	2523.24	0	159	64	
15.1	6.2	21.8	0	0	0	0.5029	0	2188.08	0	160	65	
16.3	7.7	22.7	0	0	0	0.7544	0	2369.52	0	161	65	
17.3	7.4	24.2	0	0	0	1.0059	0	2628	0	162	55	
19.5	8.8	27.2	0	0	0	0.922	0	2568.24	0	163	56	
20.7	10.7	28.8	0	0	0	0.5868	0	2555.28	0	164	56	
21.6	10.9	29.9	0	0	0	0.5029	0	2516.76	0	165	58	
20.9	13.6	26.8	0	0	0	0.6706	0	1792.08	1.05	166	75	
18.7	14.3	23.3	0	0	0	1.0059	0	1345.32	9.35	167	87	
15	10.9	19.5	0	0	0	1.1735	0	2003.76	0	168	71	
18.3	9.1	25.6	0	0	0	0.5868	0	2423.52	0	169	66	
20.2	13.6	29	0	0	0	0.8382	0	1982.88	12.6	170	77	
21.4	15.9	28.2	0	0	0	0.6706	0	1915.56	0.84	171	77	
22.3	17.6	27.5	0	0	0	1.0897	0	1860.12	0	172	66	
18.7	14.4	22.8	0	0	0	1.2573	0	1563.12	0	173	62	
16.5	11.1	21.3	0	0	0	0.5868	0	1981.8	0	174	59	
18.6	10.2	25.6	0	0	0	0.6706	0	2333.16	0	175	64	
23.1	13.4	31.5	0	0	0	0.6706	0	2033.28	0	176	63	
20.9	15.5	26.4	0	0	0	1.1735	0	1978.2	3.04	177	67	
20	13.7	26	0	0	0	0.7544	0	1689.84	4.73	178	71	
16.7	14.6	19.8	0	0	0	0.6706	0	954	0	179	78	
17.7	14.7	21.1	0	0	0	0.922	0	989.64	0	180	66	
17.3	11.1	22.7	0	0	0	0.8382	0	2049.84	0	181	63	
18.2	10.1	25.3	0	0	0	0.7544	0	2306.52	0	182	64	
19.8	10.7	25.2	0	0	0	1.6765	0	2617.56	0	183	51	
20.7	10.9	27.2	0	0	0	1.425	0	2599.92	0	184	47	
23	12.8	30.5	0	0	0	0.922	0	2512.44	0	185	51	
25.3	16.9	31.8	0	0	0	0.922	0	2511	0	186	47	
23.7	18	27.5	0	0	0	1.2573	0	1975.32	0	187	61	
20	16.7	23.9	0	0	0	0.6706	0	830.16	7.25	188	83	
19.8	17	26	0	0	0	0.5868	0	1113.84	1.78	189	83	
22.1	15.6	29.3	0	0	0	0.7544	0	2077.56	0	190	65	
22.5	16.5	27.3	0	0	0	0.8382	0	1582.2	0	191	60	
24	14.6	31.1	0	0	0	0.8382	0	2334.96	0	192	56	
21.3	18.1	27	0	0	0	0.8382	0	1123.2	0	193	75	
22.7	15.8	31.1	0	0	0	0.6706	0	1894.68	0	194	68	
18.6	12.3	23.3	0	0	0	1.425	0	1295.64	0	195	63	
17.3	8.2	24.3	0	0	0	0.8382	0	2505.6	0	196	56	
18	12.1	23.4	0	0	0	1.3412	0	2538	0	197	54	
19.7	9.3	28.3	0	0	0	0.6706	0	2454.48	0	198	56	
22.5	11.4	32.1	0	0	0	0.5868	0	2739.96	0	199	50	
24.7	12.4	34.6	0	0	0	0.5868	0	2536.2	0	200	44	
26.9	15.1	36	0	0	0	0.8382	0	2182.68	0	201	44	
25.5	17.4	31.9	0	0	0	1.2573	0	2262.96	0	202	52	
24.9	15.4	32.5	0	0	0	0.7544	0	2347.2	0	203	51	
22.4	18.1	28.3	0	0	0	0.6706	0	1208.52	2.73	204	70	
23.4	15.8	29.9	0	0	0	0.5868	0	1968.12	0	205	61	
25.1	17.2	31.6	0	0	0	0.8382	0	2090.52	0	206	51	
25.1	17.7	31.8	0	0	0	0.4191	0	1588.68	0	207	55	
24.8	17.7	35.5	0	0	0	0.922	0	1880.28	0.21	208	60	
23.4	18.9	30	0	0	0	0.6706	0	1490.76	0.11	209	64	
21.8	17.6	28.3	0	0	0	0.7544	0	1345.32	4.73	210	70	
22.5	15.2	29.9	0	0	0	0.7544	0	1672.2	0	211	64	
20.7	14.1	25.2	0	0	0	0.922	0	1444.68	0	212	68	
17.6	12.1	24.3	0	0	0	1.0059	0	1152.72	1.26	213	74	
15.3	12	20.8	0	0	0	1.3412	0	1007.28	1.78	214	74	
17.1	9.4	22.6	0	0	0	1.0897	0	1905.12	0	215	58	
17.2	12.8	21.6	0	0	0	1.0059	0	1586.88	3.26	216	65	
16	11.8	20.7	0	0	0	1.6765	0	943.56	20.06	217	82	
15.9	14.5	17	0	0	0	2.6823	0	301.32	27.3	218	95	
19.2	14.4	24	0	0	0	2.4309	0	1528.56	17.75	219	66	
16.4	12.9	20.7	0	0	0	1.6765	0	1014.48	15.44	220	73	
16.3	13.4	19.4	0	0	0	0.922	0	1190.88	0	221	66	
15.2	13	19.5	0	0	0	0.6706	0	864.72	1.37	222	76	
13.3	9.2	16.9	0	0	0	0.5029	0	819.72	1.05	223	74	
13.3	9.9	18.1	0	0	0	0.5029	0	1215.36	1.68	224	79	
14.1	9.8	21	0	0	0	0.6706	0	1773	6.09	225	75	
14.9	9	19.4	0	0	0	1.0059	0	1613.16	0.11	226	69	
15.5	12	19.7	0	0	0	1.6765	0	689.76	6.09	227	74	
16.1	10.9	22.2	0	0	0	0.5029	0	623.52	2.21	228	79	
18.6	12.9	25.8	0	0	0	0.4191	0	1482.12	0	229	73	
17	13.5	22.1	0	0	0	0.8382	0	810.36	1.05	230	79	
19.2	11.1	25.9	0	0	0	0.6706	0	1648.08	4.73	231	64	
17.8	13.4	23	0	0	0	1.3412	0	1666.08	0.95	232	70	
16.2	13.6	19.3	0	0	0	1.2573	0	1045.8	0.32	233	70	
15	12.9	19	0	0	0	1.5926	0	1282.68	4.51	234	81	
15.1	10.6	19.3	0	0	0	1.1735	0	1086.84	0	235	75	
16.1	9.9	24.3	0	0	0	0.5868	0	1505.16	0.11	236	74	
14.8	10.3	18.9	0	0	0	0.7544	0	1372.32	0.95	237	77	
14.7	11.6	18	0	0	0	0.7544	0	972.36	7.35	238	85	
14.4	11.3	18.6	0	0	0	1.0897	0	1071.72	5.04	239	83	
13.1	9.6	17.6	0	0	0	0.8382	0	921.6	3.04	240	85	
11.6	8.9	16.3	0	0	0	2.1794	0	1123.56	1.68	241	78	
12.6	9.1	16.3	0	0	0	2.5985	0	1261.08	0.95	242	78	
14.4	10.6	17.9	0	0	0	2.1794	0	1378.44	0	243	65	
17.7	14.3	22.5	0	0	0	0.922	0	1199.88	0	244	67	
19.7	14	25.2	0	0	0	0.7544	0	1395	0	245	65	
19.3	17.5	20.7	0	0	0	1.7603	0	605.52	8.4	246	75	
19.6	16.9	22.7	0	0	0	2.5985	0	1487.16	0	247	61	
16.9	12.5	20.6	0	0	0	1.6765	0	1368	0	248	68	
19	14.1	25.1	0	0	0	0.5029	0	1271.16	0	249	76	
18.7	12.1	28.2	0	0	0	1.0897	0	1648.44	1.89	250	72	
13.9	9.8	18.6	0	0	0	2.0117	0	1348.56	0	251	65	
11.7	5.2	18.7	0	0	0	0.5029	0	1518.48	0	252	74	
14	5.8	23.2	0	0	0	0.6706	0	1603.8	0	253	69	
16.4	6.6	26.1	0	0	0	0.5029	0	1671.84	0	254	64	
17.6	8.7	27.6	0	0	0	0.4191	0	1633.32	0	255	61	
17.9	8.4	27.9	0	0	0	0.4191	0	1594.08	0	256	62	
18.1	9.9	26.6	0	0	0	0.5868	0	1590.48	0	257	64	
18.1	10.3	24.8	0	0	0	1.7603	0	1481.76	0	258	62	
20.3	15.2	25.9	0	0	0	0.922	0	1356.84	0	259	54	
17.8	12.3	24.4	0	0	0	0.5029	0	1414.08	0	260	69	
17.1	11	23.8	0	0	0	0.7544	0	1215.36	3.04	261	79	
16.3	13.7	20.4	0	0	0	1.0059	0	978.12	0.11	262	74	
14.2	8.6	20	0	0	0	0.7544	0	1356.84	0	263	70	
15.1	7.1	23.9	0	0	0	0.5868	0	1398.24	0	264	70	
17.2	8.2	25.5	0	0	0	0.8382	0	1422.36	0	265	64	
16.8	10.4	25.6	0	0	0	0.7544	0	1468.44	0	266	60	
15.7	8.2	25.1	0	0	0	0.5029	0	1448.28	0	267	64	
15.8	8.1	24.5	0	0	0	0.3353	0	1085.76	0	268	73	
16.3	14.2	19.2	0	0	0	0.8382	0	382.32	0.42	269	85	
13.9	11.6	16.4	0	0	0	0.5029	0	354.6	13.23	270	93	
14.3	10.3	20.5	0	0	0	0.5029	0	1001.88	0.11	271	85	
15.6	10.7	23.7	0	0	0	0.4191	0	1211.04	0	272	79	
15.7	11.3	22.1	0	0	0	0.4191	0	879.48	0	273	81	
16.1	12.9	21	0	0	0	0.6706	0	945.72	6.3	274	82	
14.3	12.1	16.9	0	0	0	1.1735	0	372.96	7.67	275	77	
12	11.1	13.1	0	0	0	0.4191	0	208.44	11.55	276	94	
11.8	10.4	13.2	0	0	0	1.0897	0	396.36	8.09	277	84	
11.8	9.4	15.6	0	0	0	0.8382	0	743.76	0	278	74	
12.4	9.5	15.3	0	0	0	1.1735	0	630.36	0.21	279	79	
12.6	9	17.2	0	0	0	1.3412	0	645.84	4.2	280	79	
10.3	5.5	17.6	0	0	0	0.6706	0	1154.88	0	281	77	
9.7	3.4	19.3	0	0	0	0.3353	0	977.76	0	282	83	
10.1	5.7	17.9	0	0	0	0.3353	0	896.76	0	283	86	
8.7	6.7	13.1	0	0	0	0.3353	0	782.64	0.32	284	97	
12.2	7.8	19.7	0	0	0	0.4191	0	820.44	0.11	285	89	
12.1	10.6	14.2	0	0	0	0.5029	0	278.64	0.21	286	96	
10.8	9.8	11.8	0	0	0	1.2573	0	187.56	0	287	93	
7.5	4	9.5	0	0	0	1.0897	0	249.84	0	288	89	
8.3	3.5	13.4	0	0	0	0.5868	0	749.88	0	289	86	
7.8	1.6	17.2	0	0	0	0.5868	0	1046.52	0	290	73	
9.2	2.1	16.3	0	0	0	0.7544	0	855.36	0	291	72	
11.8	7	19	0	0	0	0.6706	0	729.36	0	292	71	
12.2	10.1	17.1	0	0	0	0.5868	0	423.72	0	293	82	
14.1	12.1	17.9	0	0	0	0.922	0	529.2	0	294	78	
13.9	11.1	17.8	0	0	0	0.922	0	764.28	0	295	77	
15.4	13.8	17.4	0	0	0	1.1735	0	374.04	1.47	296	79	
14.3	12.4	16.6	0	0	0	2.2632	0	426.6	4.3	297	77	
11	7.8	16.4	0	0	0	0.6706	0	756.36	0.21	298	80	
17	10.9	23.6	0	0	0	1.5926	0	803.16	0	299	52	
16.3	12.2	19.4	0	0	0	1.5088	0	606.6	0	300	68	
11.3	8.9	13.2	0	0	0	0.7544	0	300.6	8.29	301	83	
13	8.8	16.2	0	0	0	2.9338	0	516.6	5.04	302	79	
9	7.5	11.4	0	0	0	0.4191	0	313.92	0	303	89	
11.1	8.2	13.5	0	0	0	1.6765	0	393.12	0	304	65	
4.6	0.1	10.7	0	0	0	3.772	0	264.6	2.12	305	74	
0.2	-2.6	2.6	0	0	0	2.1794	0	389.16	0	306	79	
0.6	-1.2	3.6	0	0	0	1.2573	0	495	0.24	307	88	
4.6	0.3	7.2	0	0	0	2.2632	0	266.76	0.24	308	85	
8.12	6.6	9.4	0	0	0	3.5206	0	113.76	1.65	309	86	
9.2	8.4	10.8	0	0	0	1.7603	0	183.24	0	310	78	
7.2	2.8	12.1	0	0	0	0.7544	0	592.92	0	311	75	
8.1	1.1	14	0	0	0	1.2573	0	531.36	0	312	71	
8.1	4.6	11.6	0	0	0	2.85	0	412.2	8.14	313	82	
4.8	2.5	8.2	0	0	0	1.8441	0	543.6	0	314	84	
6	3.5	8.2	0	0	0	2.1794	0	132.12	0.24	315	70	
4.9	3	7.4	0	0	0	3.1853	0	324.36	2.71	316	85	
6.4	3.4	9.7	0	0	0	2.2632	0	131.04	4.13	317	89	
11.8	8.4	13.3	0	0	0	1.7603	0	286.92	0	318	84	
12.2	10.3	15.8	0	0	0	1.5926	0	428.76	0	319	75	
12.5	9.7	18.5	0	0	0	1.0897	0	531	0	320	74	
12.6	10.7	16.7	0	0	0	1.2573	0	270.36	0	321	66	
10.3	8.9	14	0	0	0	0.7544	0	261.72	0.71	322	83	
8.9	5.2	12	0	0	0	1.3412	0	223.92	0.35	323	86	
5.7	4.6	7.7	0	0	0	1.7603	0	477.72	0.12	324	71	
6.7	3.8	9.1	0	0	0	1.5926	0	159.84	3.89	325	84	
4	1.3	7.5	0	0	0	1.0059	0	307.08	0.12	326	88	
6.2	2.3	11	0	0	0	2.1794	0	138.6	1.53	327	78	
10.9	7.9	13.4	0	0	0	1.3412	0	353.88	2.36	328	82	
11.2	9.6	12.8	0	0	0	1.9279	0	111.24	0	329	61	
9.5	5.2	14.5	0	0	0	0.5868	0	363.24	0	330	80	
7.5	3.8	13.8	0	0	0	0.5868	0	412.56	0	331	86	
5.1	2.2	9.2	0	0	0	0.922	0	353.52	0	332	88	
5	1.4	8.8	0	0	0	0.5029	0	157.32	0	333	96	
2.1	0	5	0	0	0	0.4191	0	235.44	0	334	99	
3.8	-1.8	9.7	0	0	0	1.0897	0	387.72	0	335	91	
4.7	2.5	7.2	0	0	0	1.7603	0	381.6	0	336	85	
7.4	4.7	9.9	0	0	0	2.2632	0	356.4	0	337	71	
8.3	6.4	9.7	0	0	0	2.9338	0	229.68	0.12	338	71	
12	7.5	13.9	0	0	0	2.6823	0	245.52	0.12	339	73	
10	7.2	12.6	0	0	0	2.0956	0	114.48	1.18	340	72	
7.2	4.8	8.6	0	0	0	2.2632	0	305.64	0	341	69	
10.2	6.9	13.9	0	0	0	2.4309	0	283.68	0	342	62	
6.6	3.7	9.6	0	0	0	1.2573	0	93.96	0.12	343	76	
3.2	-0.2	6	0	0	0	1.5088	0	217.08	0	344	91	
2.7	-0.7	4.8	0	0	0	2.4309	0	211.32	0.94	345	84	
4.3	2.8	7.3	0	0	0	1.7603	0	211.68	3.89	346	87	
5.4	3.1	7	0	0	0	2.7661	0	169.56	0	347	82	
6.2	1.8	9.1	0	0	0	1.8441	0	317.88	0	348	80	
5.1	0.6	11.9	0	0	0	1.0897	0	359.64	0	349	71	
7.2	4.7	11.2	0	0	0	2.5147	0	261.72	1.3	350	67	
3.3	0.2	6	0	0	0	1.5088	0	275.76	0.59	351	85	
2.7	1.6	4.6	0	0	0	1.2573	0	255.24	0	352	92	
2.3	1.5	3.6	0	0	0	0.6706	0	142.56	0.47	353	87	
2.9	2.1	3.7	0	0	0	1.5926	0	89.64	0.24	354	89	
4	3.2	5	0	0	0	0.3353	0	104.76	0.24	355	99	
3.8	3.3	4.3	0	0	0	0.1676	0	53.28	0	356	95	
2.7	1.5	3.4	0	0	0	0.5029	0	72.72	0	357	90	
0	-1	1.2	0	0	0	0.4191	0	140.4	0	358	99	
0.8	-0.4	1.8	0	0	0	0.2515	0	84.24	0	359	99	
-0.1	-3.3	3.2	0	0	0	0.2515	0	305.28	0	360	94	
-2.3	-5.1	3.1	0	0	0	0.4191	0	340.2	0	361	95	
-0.5	-2	1.5	0	0	0	1.8441	0	71.28	3.07	362	90	
2.1	0.3	5.1	0	0	0	1.0059	0	310.68	0	363	89	
3.6	0	7.8	0	0	0	2.0956	0	216.72	0.47	364	69	
8.3	6.7	9.8	0	0	0	3.772	0	188.28	0	365	65	
