Tp_av	Tpmin	Tpmax	T_s10	T_s20	vappd	wind	sundu	radia	prec	tagesnummer	RF
C_deg	C_deg	C_deg	C_deg	C_deg	mm_Hg	m/se	hours	J/cmı	mm	jday	%
50	-----	-----	-----	-----	-----	2m	-----	------	--	0	0
5.3542	4.5	6.3	0	0	0	1.6974	0	112.32	0.49	1	78.1667
4.3583	1.8	7.8	0	0	0	3.5694	0	132.12	0.37	2	64.4583
3.7125	2.6	5	0	0	0	3.8803	0	97.2	0	3	69.875
5.7375	4.3	6.9	0	0	0	3.7755	0	101.52	0	4	64.7083
4.225	3	5.3	0	0	0	2.0292	0	120.6	3.29	5	79.2917
4.8458	3.6	6.5	0	0	0	2.4448	0	251.28	0.37	6	72.5833
6.9708	4	9.1	0	0	0	3.0281	0	152.64	0	7	67.75
8.4208	4.6	12.5	0	0	0	3.9047	0	340.56	0.37	8	57.875
5.2167	3.5	8.2	0	0	0	2.5426	0	361.44	0	9	61.2083
8.2542	4.9	11.3	0	0	0	2.5182	0	253.8	0	10	70.0833
6.9583	5.9	9.2	0	0	0	2.4553	0	221.76	0	11	69.25
7.275	4.3	9	0	0	0	2.0956	0	109.08	0.49	12	74.4167
3.0958	1	5.3	0	0	0	2.623	0	345.96	1.95	13	74.0833
1.4917	0.1	3.3	0	0	0	2.0571	0	340.2	0.24	14	81.9583
0.3708	-4.6	3.7	0	0	0	0.4505	0	301.32	0	15	79.5833
-0.375	-4.4	5.4	0	0	0	1.2434	0	462.96	0	16	66.875
1.8125	-0.6	5.9	0	0	0	1.5542	0	253.08	0	17	68.875
4.1042	1.6	5.9	0	0	0	2.4099	0	136.8	1.1	18	74.5833
1.9625	-0.3	3.9	0	0	0	2.6684	0	211.68	0	19	71.625
4.7417	1.7	7.2	0	0	0	4.275	0	74.16	15.13	20	80.6667
2.3458	1.3	4	0	0	0	4.1213	0	261.36	6.1	21	79
1.1917	0.2	3.2	0	0	0	3.1888	0	274.68	0.24	22	82.0833
0.2833	-0.9	1.5	0	0	0	2.3435	0	403.56	0.61	23	80.125
-2.375	-3.2	-1.2	0	0	0	2.6579	0	169.92	4.39	24	85.8333
-3.2958	-4.7	-1.8	0	0	0	1.7184	0	271.8	3.05	25	86.5417
-5.4417	-9.3	-4.2	0	0	0	1.3866	0	253.44	0.12	26	85.6667
-5.1958	-9.7	-3	0	0	0	0.695	0	323.64	0	27	80.875
-5.0375	-7.3	-1.6	0	0	0	0.3912	0	89.28	3.05	28	88.3333
-5.4583	-8.6	-2.4	0	0	0	0.22	0	100.8	0	29	87.7917
-2.675	-6.2	-0.9	0	0	0	1.2923	0	75.6	0.85	30	82.0417
1.4	-0.5	2.6	0	0	0	3.5031	0	169.56	2.2	31	86.0417
0.6917	-0.6	2.7	0	0	0	2.3575	0	631.08	0.74	32	76.875
1.2875	-0.5	2.3	0	0	0	1.9279	0	191.16	1.35	33	88.4167
1.3458	-0.5	2.3	0	0	0	1.1037	0	125.28	1.23	34	87.4167
-0.5	-2.3	3.4	0	0	0	0.5274	0	377.64	0	35	86.1667
-1.8208	-5.3	2.1	0	0	0	0.9849	0	738	0	36	61.8333
-3.6333	-7	1.4	0	0	0	0.929	0	707.4	0	37	62.3333
-4.5167	-8.8	0	0	0	0	1.1246	0	755.28	0	38	59.875
-3.5917	-7.2	-0.6	0	0	0	0.6776	0	214.56	0.12	39	67.7083
-1.3667	-8.2	4.8	0	0	0	0.6391	0	443.88	0.12	40	78.6667
3.5417	1.7	4.8	0	0	0	2.6299	0	143.64	4.06	41	74.875
3.4917	2	5.1	0	0	0	0.7928	0	118.08	9.47	42	92.3333
6.2458	2.4	11.2	0	0	0	3.0875	0	165.6	10.58	43	82.5833
2.0958	-0.4	4	0	0	0	4.2226	0	507.6	0.37	44	70.5417
-0.4542	-1.5	2	0	0	0	2.8709	0	524.88	0	45	75.5
-2.0542	-2.8	-0.8	0	0	0	1.8616	0	101.16	10.46	46	91.625
-2.275	-3.3	-1.4	0	0	0	2.2248	0	193.32	1.85	47	88.125
-2.925	-5.4	-1.4	0	0	0	1.0373	0	202.68	0.37	48	87.5833
-5.9917	-12.9	-1.3	0	0	0	1.1945	0	694.8	0	49	71.7083
-2.0792	-4.8	0.6	0	0	0	1.0583	0	363.96	0.37	50	79.0417
-0.5542	-4.6	4.3	0	0	0	0.6846	0	583.2	0	51	78
-2.25	-7.6	0.8	0	0	0	1.5088	0	548.28	0	52	83.7083
-3.875	-4.7	-2.7	0	0	0	2.0537	0	242.64	1.97	53	84.7917
-2.8667	-7.1	1	0	0	0	0.7719	0	708.48	0.49	54	78
-6.6167	-12.4	1.1	0	0	0	0.3353	0	986.4	0	55	75.25
-4.5042	-10.1	-0.6	0	0	0	0.482	0	367.2	0.25	56	84.4583
-1.325	-4.4	0.6	0	0	0	1.1107	0	459.36	2.34	57	90.2083
-6.8083	-9.8	-3.8	0	0	0	1.5298	0	655.56	0.61	58	74.125
-7.5542	-12.7	-3.8	0	0	0	1.4913	0	1262.16	0	59	64.125
-5.7583	-8.6	-2.3	0	0	0	2.2248	0	1019.88	0	60	49.5417
-4.5167	-10.1	2.7	0	0	0	1.3027	0	1137.24	0	61	40.375
-4.5417	-10.7	2.2	0	0	0	0.5972	0	1028.16	0	62	63.75
-3.1375	-4.8	-0.8	0	0	0	0.7195	0	673.56	0	63	80.25
-3.8625	-7.4	0	0	0	0	0.5903	0	900	0	64	75.625
-4.4083	-6.3	-2.2	0	0	0	1.8406	0	1054.8	0.24	65	74.4583
-3.4208	-9.2	0.5	0	0	0	2.2038	0	879.84	0	66	71.625
1.4583	0.4	3.2	0	0	0	2.1549	0	656.64	0	67	81.3333
0.5042	-2.4	2.7	0	0	0	1.6799	0	490.68	0.95	68	83.3333
-2.65	-8.6	1.7	0	0	0	0.943	0	1429.56	0	69	60.8333
0.7	-3.4	3.4	0	0	0	3.3285	0	374.76	1.43	70	69.7083
1.2125	-0.2	3.3	0	0	0	3.8174	0	966.96	0.12	71	73.8333
1.3958	-0.3	4.5	0	0	0	2.134	0	679.32	0.36	72	75.9583
3.3083	0.5	7	0	0	0	1.7219	0	1112.04	0	73	59.5
5.8833	1.1	10.2	0	0	0	1.6066	0	1217.88	0	74	53.8333
11.7833	6.8	17.3	0	0	0	2.7312	0	1223.64	0	75	50.625
13.125	11.3	15.2	0	0	0	3.0525	0	554.4	0	76	56.0417
12.7292	9.4	17.7	0	0	0	3.6323	0	935.28	2.14	77	70.9583
4.3625	-1.2	8.9	0	0	0	1.872	0	381.96	1.9	78	78.8333
0.5208	-4.8	6.1	0	0	0	0.5239	0	1495.8	0	79	64.75
1.9333	-4.9	8.3	0	0	0	0.8243	0	1511.28	0	80	60.8333
6.2542	-4.3	14.1	0	0	0	0.8662	0	1410.84	0	81	50
9.4	5.6	14.6	0	0	0	0.5448	0	554.4	0.83	82	75.3333
9.3042	4.3	18.1	0	0	0	0.7928	0	1169.28	0	83	78.8333
8.4375	3.2	14.6	0	0	0	1.0687	0	782.28	8.33	84	87.1667
10.2625	6.8	15.5	0	0	0	0.695	0	1241.28	0.95	85	78.25
7.8333	4.7	10.8	0	0	0	0.7544	0	495.36	0	86	90.3333
6.7708	5.7	8.3	0	0	0	0.8208	0	280.08	0	87	91.9167
6.7458	4.8	9.1	0	0	0	0.5274	0	417.6	1.19	88	87.0417
7.2333	3.7	12.6	0	0	0	1.5507	0	1080.36	2.86	89	60.7917
5.0708	-0.6	10.7	0	0	0	1.432	0	1686.6	0	90	51.5417
5.5292	-3.4	12.7	0	0	0	1.0024	0	1724.04	0	91	48.25
7.4	-3.4	16.2	0	0	0	1.0129	0	1772.64	0	92	45.25
9.7375	0	19.6	0	0	0	0.7544	0	1796.04	0	93	41.9167
10.0167	-0.2	20.2	0	0	0	0.7928	0	1674.72	0	94	48.875
6.7333	2.2	14.6	0	0	0	0.9465	0	496.44	1.43	95	76.7917
9.8667	2.5	16	0	0	0	1.7114	0	1534.32	0	96	61.875
11.5083	9.1	13.8	0	0	0	2.7661	0	799.92	0.99	97	63.0417
8.3875	4.2	11.6	0	0	0	1.4704	0	845.28	0.33	98	64.75
3.4	-0.2	4.8	0	0	0	1.3691	0	312.84	1.54	99	83.2917
3.7833	-1.7	8	0	0	0	1.425	0	677.52	0	100	77.2083
7.1292	-0.2	13	0	0	0	0.5763	0	1665.72	0	101	64.5417
6.9542	0.4	12	0	0	0	0.3667	0	914.76	0	102	74
8.2417	1.1	16.1	0	0	0	0.6252	0	1460.88	0	103	71.2083
11.4292	3.3	18.9	0	0	0	0.6531	0	1256.04	0	104	59.25
14.8792	7.9	21.1	0	0	0	0.943	0	1368	0.22	105	50.7083
14.0083	5.8	20.1	0	0	0	1.879	0	1632.96	0	106	56.875
12.75	9.9	18	0	0	0	1.2853	0	795.6	0.22	107	74.5417
12.8625	8.1	18.1	0	0	0	0.7439	0	1540.08	0	108	71
12.0083	7.5	16.7	0	0	0	1.9768	0	1432.08	0	109	66.125
6.8583	2.2	11	0	0	0	2.148	0	1840.32	0	110	49.6667
3.2625	-2.6	9.1	0	0	0	0.716	0	2056.68	0	111	49.7083
5.6333	-3.8	13.5	0	0	0	0.6322	0	1990.08	0	112	53.75
8.5208	-1.6	16	0	0	0	0.9675	0	2016.72	0	113	51.5417
9.1958	2.5	15.1	0	0	0	0.9849	0	1089	0.33	114	58.125
7.6083	6.7	10	0	0	0	0.8347	0	334.44	0.88	115	75.7917
9.4542	6.6	13.5	0	0	0	0.2619	0	660.24	1.98	116	80.1667
10.4375	6.1	16.1	0	0	0	1.4739	0	1128.6	1.76	117	71.125
10.3083	3.4	16.8	0	0	0	1.3481	0	1932.84	0	118	57.0417
11.675	3.4	18.3	0	0	0	0.7684	0	1091.16	0.11	119	65.5833
14.3417	7.7	20.8	0	0	0	0.5623	0	1590.48	0	120	71.0833
18.05	9.2	25.7	0	0	0	0.8976	0	2057.4	0	121	61.7917
21.825	12.3	30	0	0	0	1.2015	0	2021.76	0	122	46.125
16.9875	11.5	22.1	0	0	0	0.8941	0	1044.36	0	123	63.5417
13.8917	11.2	17.2	0	0	0	1.8441	0	1276.2	0	124	69.625
11.0208	6.9	14.5	0	0	0	2.3366	0	1721.16	4.41	125	64.6667
8.3583	5.1	14.1	0	0	0	2.0117	0	1084.32	1.58	126	71.0833
7.3625	3.5	11.1	0	0	0	1.8511	0	837.72	7.14	127	74.125
6.7333	3.7	11.9	0	0	0	2.6195	0	1692.72	0.42	128	66.8333
6.2875	3.1	12	0	0	0	1.5437	0	1727.64	2.52	129	74.8333
6.6917	1.2	11.8	0	0	0	1.4913	0	1701.72	0	130	66.7917
7.1458	2.8	12	0	0	0	1.7638	0	1677.96	0.53	131	70.375
6.7083	0	12.3	0	0	0	0.6846	0	2014.56	0	132	67.125
10.4792	0.1	17	0	0	0	1.4704	0	2257.56	0	133	56.5833
10.9542	9.1	12.7	0	0	0	0.6182	0	386.28	14.39	134	76.1667
10.15	6.3	14.8	0	0	0	1.8231	0	1274.76	1.78	135	70.2083
11.3125	3.5	17.3	0	0	0	0.8312	0	1980.36	0	136	62.3333
6.55	5.7	8.7	0	0	0	0.7369	0	352.44	2.31	137	86
7.3583	1	11.5	0	0	0	0.9116	0	1054.08	0	138	68.375
9.6	-0.8	17.8	0	0	0	0.6322	0	2335.32	0	139	57.875
14.6	4.8	22.3	0	0	0	0.7334	0	2046.24	0	140	54.125
16.3208	12.8	21.4	0	0	0	0.8557	0	1092.96	7.25	141	66.5417
15.7833	12.7	20.2	0	0	0	0.4156	0	948.24	8.51	142	80.2083
12.9125	10.6	15.6	0	0	0	0.7963	0	583.92	12.71	143	87.5417
13.7917	6.6	19.8	0	0	0	0.709	0	1691.64	0	144	62.75
16.2792	7.6	23.5	0	0	0	0.7544	0	2123.64	0	145	62.4583
19.5458	10	28.4	0	0	0	0.5448	0	2291.04	0	146	59.875
21.3958	11.7	29.4	0	0	0	0.5309	0	2314.44	0	147	57.9167
24.1667	14.2	33.2	0	0	0	0.5728	0	2439.72	0	148	55.1667
20.9583	16.1	25.7	0	0	0	0.8697	0	2369.16	0	149	57.5417
16.1875	10.2	22.5	0	0	0	1.4879	0	928.08	2.31	150	77.9583
11.725	7.4	16.7	0	0	0	1.8406	0	2045.88	0	151	63.3333
10.2208	4.4	15.3	0	0	0	1.3237	0	2295.72	0	152	64.1667
13.4417	3.9	19.4	0	0	0	0.7125	0	1436.04	0	153	65.375
19.9292	9.8	28.5	0	0	0	0.8277	0	2427.84	0	154	54.5833
17.2458	10.7	20.8	0	0	0	2.0781	0	2058.48	0.95	155	57.5
13.2	10.6	18.4	0	0	0	1.7917	0	1539	2.84	156	73.1667
11.25	7.6	13.9	0	0	0	1.652	0	890.28	6.09	157	76.8333
8.7375	6.1	11.8	0	0	0	2.3575	0	1348.56	2.73	158	69.5417
10.3542	4.9	15.2	0	0	0	1.0094	0	1567.08	0	159	65.2083
11.4833	3.2	16.4	0	0	0	0.8452	0	1688.76	0	160	58.8333
10.9458	5	16.3	0	0	0	0.95	0	1081.8	3.26	161	75.4583
9.8833	7.5	12.9	0	0	0	1.4285	0	1491.84	2.52	162	64.6667
10.1958	3.9	14.4	0	0	0	0.7579	0	1305.36	0	163	64.8333
14.025	6.8	19.4	0	0	0	1.2084	0	1991.52	0	164	60.4583
15.725	6.3	23.3	0	0	0	0.5309	0	1287.72	0.95	165	76
17.5208	12.7	24.1	0	0	0	0.5309	0	1540.44	1.26	166	68.2083
18.1708	10.2	24.2	0	0	0	1.0897	0	2151.36	0	167	63.7083
17.8667	12.3	20.6	0	0	0	1.1561	0	890.28	0.32	168	77.0417
18.0583	11.2	23.2	0	0	0	1.5158	0	2670.12	0	169	52.7917
17.4542	7.9	25.2	0	0	0	0.5414	0	2604.6	0	170	57.5833
19.4417	10.3	26.5	0	0	0	0.6601	0	2562.12	0	171	58.875
22.0833	11	30.7	0	0	0	0.9395	0	2239.2	11.65	172	57.2083
17.2375	10	22.8	0	0	0	0.7684	0	2022.48	0.21	173	66.5417
22.1542	15.4	26	0	0	0	0.8033	0	2531.16	0	174	46.5
23.1208	14.7	29.6	0	0	0	0.6426	0	1804.32	1.16	175	58.8333
22.125	16.5	30.5	0	0	0	1.0757	0	1800	1.47	176	72.2917
17.6125	13.3	21.6	0	0	0	0.7684	0	1661.76	1.89	177	68.875
18.6875	10.6	25.1	0	0	0	0.7579	0	2489.04	0	178	63
18.5917	10.4	25.1	0	0	0	0.7858	0	2588.04	0	179	55.625
16.3458	9.7	20.2	0	0	0	0.3597	0	835.2	0	180	71.75
16.3958	13.9	19.2	0	0	0	0.5728	0	646.2	8.51	181	85.375
15.8375	12.8	18.1	0	0	0	0.9884	0	854.64	1.99	182	81.0833
18.025	14.1	23.6	0	0	0	1.2294	0	2152.8	0	183	63.375
20.0083	13.8	27.1	0	0	0	0.461	0	1646.28	0	184	65.4167
22.4292	13.8	29.3	0	0	0	1.2399	0	2316.6	0	185	54.0417
13.3583	11.6	16.8	0	0	0	0.8522	0	821.88	4.62	186	77.9167
15.55	9.6	21.9	0	0	0	0.6147	0	1569.24	0.42	187	62.875
14.6958	9.3	18.8	0	0	0	1.0198	0	1231.56	0.73	188	73.125
12.9708	7.8	18.5	0	0	0	0.695	0	1446.48	0	189	74.9167
14.8083	8	20.2	0	0	0	0.7893	0	2059.56	0	190	74.0417
19.1083	13.8	26.8	0	0	0	1.2678	0	2010.6	11.76	191	70
20.1458	13.8	26.2	0	0	0	1.0408	0	2378.16	0	192	55.1667
21.1958	14.2	28	0	0	0	0.8138	0	2309.76	0	193	55.9583
21.2667	12.1	29	0	0	0	0.5344	0	2208.6	0	194	55.4583
20.1458	12.7	29.3	0	0	0	0.5868	0	1748.52	0.95	195	64.125
21.9708	13.8	31.8	0	0	0	1.1386	0	1800.72	0.73	196	58.875
19.5833	12.9	25.3	0	0	0	1.0687	0	1798.56	0	197	61.25
18.0125	11.7	24.4	0	0	0	0.9535	0	2200.32	0	198	55.2917
20.6792	9.5	29.6	0	0	0	0.695	0	2223.72	0.21	199	54.7083
18.5708	15.9	22.6	0	0	0	1.5577	0	995.76	1.47	200	65.25
16.3458	9.5	20.9	0	0	0	1.7533	0	1121.04	13.76	201	58.75
13.8208	9.2	18.7	0	0	0	2.1375	0	854.28	2.21	202	69.4583
13.4625	11.3	15.3	0	0	0	2.12	0	541.08	1.58	203	82.9167
13.5667	10.6	17.2	0	0	0	1.3062	0	1301.04	1.68	204	67.4167
18.375	11.6	24.1	0	0	0	0.7719	0	1609.56	0.42	205	56.5833
19.7292	15	25	0	0	0	1.1805	0	1403.64	2.31	206	66.7083
18.9833	15	22.5	0	0	0	1.404	0	1240.92	0.11	207	62.5833
21.2042	14.5	29.3	0	0	0	0.4436	0	1573.92	0	208	62.5833
24.875	18.1	33.1	0	0	0	0.8627	0	2049.48	7.04	209	61.5833
24.0292	18	29.9	0	0	0	1.425	0	1819.08	23.73	210	62.9583
20.6667	16.6	25.5	0	0	0	1.2399	0	1543.32	2.31	211	64.25
19.4333	13.2	24.5	0	0	0	1.3412	0	2011.32	0	212	53.5
17.3125	13.2	22.1	0	0	0	1.3447	0	1531.08	0	213	59.125
16.0833	9.6	19.9	0	0	0	0.688	0	1139.4	0.32	214	64.5833
13.9083	12.1	16.2	0	0	0	0.8976	0	302.76	16.59	215	90.4583
15.7167	12.2	19.8	0	0	0	1.893	0	1712.52	0	216	61.375
15.7208	9	22	0	0	0	0.7195	0	1254.96	0.42	217	63.9167
13.9333	10.1	18.4	0	0	0	1.8336	0	1361.52	7.67	218	71.625
11.625	8.6	16	0	0	0	1.2015	0	1196.28	2.73	219	74.5833
12.6042	8.2	16.1	0	0	0	0.9884	0	987.84	3.99	220	74.2083
14.0292	10.2	18.3	0	0	0	1.8581	0	1360.44	0.21	221	65.4167
12.9708	8.7	15.6	0	0	0	1.6101	0	867.6	0	222	67.75
14.9167	11.8	19.1	0	0	0	1.5647	0	835.56	0	223	64.75
17.2958	13	23.2	0	0	0	0.6566	0	1325.16	2.52	224	68.7917
13.6667	11.4	16.3	0	0	0	1.1107	0	779.04	2.63	225	72.5833
13.8208	11.9	16.3	0	0	0	0.8208	0	491.4	6.62	226	79.5417
14.0708	10.4	17.6	0	0	0	0.943	0	740.52	0.11	227	83.2917
15.675	10.8	21.1	0	0	0	0.8871	0	1600.92	0.11	228	72.9167
15.0583	10.2	20.7	0	0	0	0.5483	0	1272.96	0	229	73.0833
18.4625	9.8	25.6	0	0	0	0.8732	0	1806.12	0	230	62.5417
19.7458	11.5	27.8	0	0	0	0.5658	0	1686.24	0	231	59.5417
17.1917	13.1	21.7	0	0	0	0.7963	0	694.44	0.95	232	80.5833
19.0875	15.9	25	0	0	0	1.0897	0	1049.04	0.21	233	73.625
19.2	16.1	25.2	0	0	0	1.1107	0	1364.4	11.13	234	73.4583
15.875	14.8	17.1	0	0	0	0.8173	0	312.84	1.05	235	89.2917
16.5458	12.6	21.3	0	0	0	0.6252	0	1035.36	0	236	73.0417
16.1167	13.6	19.1	0	0	0	0.8766	0	578.52	3.57	237	77.625
14.4083	10.7	19.2	0	0	0	1.4669	0	1290.96	0.73	238	60.5417
14.9542	9.2	20.6	0	0	0	0.4296	0	1362.24	0	239	64.5417
15.8083	8.3	23.6	0	0	0	0.3667	0	1652.76	0	240	65.0833
18.3917	9.4	28.2	0	0	0	0.5204	0	1695.6	0	241	64.7917
18.9125	10.4	26.1	0	0	0	0.6531	0	1643.04	0	242	61.9167
20.0417	11.5	28	0	0	0	0.7928	0	1600.2	0	243	62.3333
21.4708	12.7	30.2	0	0	0	0.5099	0	1612.44	0	244	61.2083
19.2583	14.5	23	0	0	0	0.6426	0	846	4.51	245	75.5417
15.675	13.4	17.1	0	0	0	0.4715	0	300.6	0	246	87.125
17.925	13.1	24.1	0	0	0	0.8103	0	1331.28	0	247	67.4167
17.1	8.9	25.7	0	0	0	0.6636	0	1607.4	0	248	60.4583
18.5292	8.9	28.1	0	0	0	0.4191	0	1612.44	0	249	55.75
18.9667	9.8	29.5	0	0	0	0.3388	0	1589.04	0	250	57
20.4458	11.4	30.5	0	0	0	0.4925	0	1509.84	0	251	55.0417
20.4333	11.1	28.9	0	0	0	0.4575	0	1460.88	0	252	56.9167
19.9708	13.2	26.7	0	0	0	0.5134	0	1028.52	0.42	253	66
16.7917	16.2	18	0	0	0	0.7369	0	215.64	1.16	254	91.25
16.1292	15.2	17.3	0	0	0	0.9255	0	189.36	2.42	255	90.625
14.3875	8.7	19.1	0	0	0	0.6182	0	1137.96	0	256	71.0833
15.0375	8.3	20.8	0	0	0	1.4879	0	1160.64	0	257	69.7083
17.5875	14.9	20.9	0	0	0	1.1526	0	646.56	2.21	258	71.3333
12.3917	8.6	16.8	0	0	0	1.425	0	320.04	8.61	259	87.5417
8.6375	3.8	13.4	0	0	0	1.1281	0	786.6	0	260	74.5
7.6542	1.4	15.8	0	0	0	0.5518	0	1342.44	0	261	72.7083
8.6792	0.8	16.8	0	0	0	0.8976	0	1423.08	0	262	68.375
8.4375	1.2	17.4	0	0	0	0.482	0	1287.36	0	263	72.75
10.0875	2.5	18.5	0	0	0	0.6077	0	1287.72	0	264	71.0833
10.3958	3.4	19.4	0	0	0	0.489	0	1210.32	0	265	72.25
13.7458	5.1	23.1	0	0	0	0.4121	0	1232.64	0	266	69.1667
14.7125	8.5	23.2	0	0	0	0.4715	0	1243.08	0	267	69.875
14.5708	7.7	24	0	0	0	0.4505	0	1215	0	268	70.7083
13.1792	8.8	18	0	0	0	0.5448	0	475.56	7.04	269	85.8333
13.8083	10.4	17.9	0	0	0	0.5099	0	465.84	0	270	78.3333
13.3917	9.1	17	0	0	0	0.8941	0	521.28	0.73	271	77.2083
10.2917	8.2	13.8	0	0	0	1.198	0	611.64	5.88	272	80.0833
10.2167	8.2	14	0	0	0	1.0722	0	694.8	0.63	273	75.125
10.2917	8.3	12.9	0	0	0	0.929	0	322.56	9.77	274	83.7083
10.4958	8.8	13.2	0	0	0	0.5972	0	468	4.3	275	85.4167
10.8833	9.2	12.7	0	0	0	0.8138	0	326.88	0	276	86.5833
13.5792	11.3	17	0	0	0	1.9384	0	602.28	0	277	78.2083
11.125	10	13	0	0	0	0.7195	0	222.84	0	278	92.0833
11.1458	9.7	13.6	0	0	0	0.5798	0	439.56	0.21	279	92.625
12.4208	6.9	20.1	0	0	0	0.9255	0	1004.76	0	280	73.25
13.55	6.8	21.2	0	0	0	0.5798	0	958.68	0	281	70.125
13.0375	8.5	20.3	0	0	0	0.4925	0	933.48	0	282	74.2083
11.2542	5.2	20.8	0	0	0	0.4051	0	845.64	0	283	79.25
9.75	2.6	18.3	0	0	0	0.5972	0	1008.72	0	284	73.25
10.0958	4.4	18.3	0	0	0	0.5448	0	987.84	0	285	69.9167
7.7125	1.6	17.2	0	0	0	0.3458	0	944.64	0	286	79.0833
7.4583	1.9	17.6	0	0	0	0.3073	0	876.24	0	287	80.6667
7.7375	2.3	16	0	0	0	0.3912	0	802.08	0	288	80.875
6.4708	0.6	10.9	0	0	0	0.9116	0	975.6	0	289	70.5833
8.4917	5.7	11.8	0	0	0	1.3132	0	788.04	0	290	64.4167
5.7875	0.5	10.1	0	0	0	1.2469	0	789.48	0	291	69.7083
5.2542	-2.9	13.4	0	0	0	0.6357	0	852.48	0	292	65.2083
10.0542	2.4	18	0	0	0	0.6915	0	774	0.11	293	71.7083
12.3333	8	16.1	0	0	0	0.9465	0	407.88	0.84	294	75.0833
14.8708	12.7	17.5	0	0	0	1.673	0	279.36	1.58	295	70.25
12.4042	8.6	14.9	0	0	0	1.4879	0	302.4	4.09	296	79.7083
10.5208	7.3	14.1	0	0	0	0.9779	0	394.2	2.1	297	80.2083
14.75	12	18	0	0	0	2.141	0	498.24	1.99	298	60.625
13.6042	8.9	17.2	0	0	0	1.8965	0	641.16	0	299	64.5833
12.275	7.1	19.4	0	0	0	0.3004	0	628.92	0	300	82.1667
12.9083	7.5	20.9	0	0	0	0.6461	0	744.48	0	301	71.6667
13.0458	9.1	19.6	0	0	0	1.1735	0	708.12	0	302	71.0833
12.9333	8.1	21.3	0	0	0	0.8941	0	710.28	0	303	67.5417
9.4292	4.6	17.1	0	0	0	1.2783	0	719.64	0	304	69.6667
8.8042	5.4	11.3	0	0	0	1.1072	0	194.04	0.35	305	79.25
9.4833	3.6	14.2	0	0	0	1.0373	0	468	0	306	81.25
13.2292	10.6	17.8	0	0	0	1.5647	0	563.4	1.06	307	80.7917
11.7042	9.7	13.5	0	0	0	0.9081	0	184.32	0	308	82.0417
9.2	5.6	11.8	0	0	0	1.3936	0	321.48	7.79	309	78.25
5.675	2.4	11.5	0	0	0	0.8347	0	511.92	0	310	82.4167
5.9375	0.4	11.6	0	0	0	1.0373	0	521.28	0.12	311	81.625
9.4083	5.5	15	0	0	0	1.2015	0	587.16	0	312	69.5417
7.775	3.9	14.9	0	0	0	0.7754	0	577.08	0	313	76.0833
5.4458	1.3	8.7	0	0	0	0.702	0	121.32	0.12	314	91.6667
8.4958	6.4	11.5	0	0	0	1.3272	0	308.16	0	315	74.9583
6.7708	2.3	11.9	0	0	0	1.0478	0	528.84	0	316	74.25
4.5958	-0.1	13.1	0	0	0	0.3807	0	521.64	0	317	88.1667
4.5625	1.6	7.5	0	0	0	0.73	0	183.96	0	318	92.0417
3.075	0.8	5.5	0	0	0	1.9	0	346.68	5.19	319	85.5417
3.5333	0.5	5.7	0	0	0	1.7638	0	178.92	2.83	320	89.375
2.175	0.9	4	0	0	0	2.0187	0	163.08	3.42	321	87.4583
0.1333	-2.7	3.9	0	0	0	0.5693	0	389.52	0	322	90.7083
-1.0375	-3.5	1.9	0	0	0	0.8976	0	321.48	0	323	91.7917
2.3458	-1.1	3.9	0	0	0	2.6439	0	143.64	2.12	324	90.5
1.0542	0	2.4	0	0	0	1.0792	0	157.68	5.78	325	93.4167
0.1625	-1.1	1.1	0	0	0	1.1246	0	86.76	0.35	326	91.75
0.8083	0.1	1.4	0	0	0	0.9395	0	45.72	0.83	327	97.8333
0.2083	-2.5	1.5	0	0	0	1.1351	0	82.8	0	328	91.2917
-1.0042	-2.8	0.9	0	0	0	2.7522	0	216.72	0	329	66.75
-0.925	-3.7	2.8	0	0	0	1.7952	0	423.72	0	330	62.5833
-1.7375	-5	1.8	0	0	0	0.8836	0	360.36	0	331	73.4583
-0.4375	-1.4	0.8	0	0	0	1.0303	0	194.76	0	332	83.0417
0.3583	-2.2	3.2	0	0	0	0.9116	0	275.76	0	333	81.5833
-0.2	-2.8	3.6	0	0	0	0.8208	0	214.2	0	334	83.5833
-1.1375	-5.4	3.2	0	0	0	0.7928	0	412.2	0	335	76.0417
-1.3292	-5.1	2.6	0	0	0	1.0059	0	420.84	0	336	69.125
1.4208	-0.8	2.9	0	0	0	1.3377	0	105.48	0	337	75.4167
4.4458	2.1	6.4	0	0	0	1.9698	0	196.2	0.59	338	84.5
5.0208	0.8	7.5	0	0	0	1.6031	0	189.72	0	339	78.7083
2.4875	-0.5	6.6	0	0	0	0.6147	0	330.84	0	340	87.625
2.3625	-0.1	4.4	0	0	0	0.9675	0	147.6	0	341	86.625
3.0083	0.6	5.6	0	0	0	1.1211	0	286.56	0.59	342	80.2917
0.8333	-0.6	2.3	0	0	0	0.6182	0	165.6	2.01	343	95.6667
-1.1875	-3.3	0.1	0	0	0	0.5798	0	175.32	0.12	344	95.4583
-1.2917	-4.7	1.5	0	0	0	0.695	0	113.76	0	345	88.9583
2.2375	0	3.7	0	0	0	0.7544	0	72	0.47	346	97.4167
1.1375	-1.9	3.2	0	0	0	1.163	0	155.52	0	347	94.8333
2.9042	2.3	3.8	0	0	0	1.7254	0	83.16	0.59	348	91.875
3.7208	2.8	4.7	0	0	0	3.1329	0	41.76	7.08	349	86
2.7042	-0.9	6.7	0	0	0	4.2435	0	141.48	7.08	350	82.4167
-0.7958	-2.2	0.1	0	0	0	2.8989	0	165.96	0.35	351	84.0833
-0.4833	-3.2	0.9	0	0	0	3.091	0	131.04	0.24	352	81.3333
0.2875	-0.8	1.5	0	0	0	2.4064	0	157.68	1.06	353	83.5833
2.6375	1.4	3.8	0	0	0	3.2411	0	63	2.12	354	87.4167
2.0333	0	3.5	0	0	0	1.3097	0	82.8	0.12	355	93.8333
2.6625	1.8	3.9	0	0	0	1.9454	0	175.32	1.42	356	88.625
3.5792	1.9	5	0	0	0	1.8371	0	49.32	2.36	357	92.5
5.2042	4.6	5.9	0	0	0	2.2702	0	63.36	0	358	78.875
1.2167	-2.6	4.7	0	0	0	1.3237	0	210.96	0.71	359	87.625
-0.8167	-3	1.1	0	0	0	1.2573	0	349.92	1.53	360	89.7083
-3.0708	-3.7	-2.1	0	0	0	1.6171	0	68.76	0.24	361	94.75
-4.3708	-6.2	-3	0	0	0	1.3062	0	79.92	0.83	362	92.2917
-4.2708	-6.8	-2.3	0	0	0	2.0083	0	159.12	0.12	363	83.3333
-5.6875	-9.2	-1.8	0	0	0	1.2259	0	419.4	0	364	75.6667
-0.0667	-5.7	4.2	0	0	0	2.361	0	335.88	2.01	365	78.1667
