Tp_av	Tpmin	Tpmax	T_s10	T_s20	vappd	wind	sundu	radia	prec	tagesnummer	RF
C_deg	C_deg	C_deg	C_deg	C_deg	mm_Hg	m/se	hours	J/cm²	mm	jday	%
50	-----	-----	-----	-----	-----	2m	-----	------	--	0	0
-0.4	-2.2	0.3	0	0	0	0.7544	0	84.24	0	1	93.9
-2.6	-4.6	-1.4	0	0	0	1.0059	0	246.6	0	2	94.3
-2.2	-3.3	-0.3	0	0	0	1.8441	0	249.48	0	3	79
-2.9	-5.9	0.2	0	0	0	0.8382	0	355.32	0	4	79.3
1.9	-0.8	3.8	0	0	0	2.1794	0	145.08	0	5	72
2.8	0.4	4.7	0	0	0	1.425	0	122.4	1.1	6	88.3
3.2	-0.8	6.6	0	0	0	2.4309	0	205.92	2.32	7	81.5
4	0.7	6.8	0	0	0	2.0117	0	370.8	0	8	69.7
3.6	0.9	6.3	0	0	0	1.6765	0	269.64	0	9	77.8
4.6	1.1	7.5	0	0	0	1.6765	0	363.96	0	10	81.1
7.6	5.6	10.8	0	0	0	1.8441	0	358.56	0	11	62.9
5.1	3.3	7.2	0	0	0	1.8441	0	241.56	0	12	63.8
1	-2.8	6.3	0	0	0	0.7544	0	453.96	0	13	85.8
2.9	-1.2	7.3	0	0	0	1.3412	0	358.92	0	14	77.6
5.1	2.4	7.3	0	0	0	2.0117	0	370.44	0	15	71.4
6.5	3.3	9.4	0	0	0	2.0956	0	239.76	0	16	69.8
5	2.7	7.8	0	0	0	1.5926	0	371.16	0	17	80
6.5	3.8	8.7	0	0	0	2.6823	0	299.16	1.83	18	79.5
11.2	7.7	12.8	0	0	0	3.2691	0	112.68	6.83	19	79.1
10.8	8.7	11.7	0	0	0	3.0176	0	159.48	5.25	20	78.9
9.6	7.3	10.9	0	0	0	3.3529	0	100.8	0.24	21	71.6
3.6	1	8.5	0	0	0	3.0176	0	230.76	4.15	22	73.5
3	-0.2	6.1	0	0	0	1.8441	0	501.84	0	23	68.9
6.1	4.1	8.5	0	0	0	2.0117	0	329.76	0.61	24	70.8
3.9	0.6	6.8	0	0	0	2.5147	0	587.52	0	25	62.8
6.7	4.6	10.7	0	0	0	2.85	0	547.92	0.12	26	61.3
5.5	4.4	6.5	0	0	0	3.6882	0	51.84	5.12	27	94.1
6.3	5.4	7.2	0	0	0	1.5926	0	164.52	0.61	28	94.9
4.6	0.3	7.1	0	0	0	0.7544	0	411.84	0	29	75.8
1.5	-0.3	4.7	0	0	0	1.1735	0	250.92	1.83	30	92.7
1.5	0	3.3	0	0	0	2.2632	0	546.48	0	31	72.6
3.7	1.9	6.8	0	0	0	3.4367	0	429.12	1.48	32	73.2
1.4	-0.7	3	0	0	0	2.1794	0	252.36	0.25	33	75.7
0	-3.3	5	0	0	0	1.0897	0	705.6	0.12	34	69
2.9	-3.2	7.6	0	0	0	1.2573	0	486.36	0	35	68.1
4.3	0.9	6.6	0	0	0	1.8441	0	375.48	2.09	36	76.3
7.1	3.9	9.8	0	0	0	3.1014	0	356.4	6.64	37	82.5
2.6	0.1	5.5	0	0	0	2.1794	0	603.72	0.12	38	76.3
3.2	-0.2	9.5	0	0	0	0.4191	0	513.72	0	39	81.5
1.8	-2.1	9	0	0	0	0.3353	0	497.16	0	40	85.5
1.7	-3	10.3	0	0	0	0.2515	0	736.92	0	41	89.4
1.1	-2.1	9.9	0	0	0	0.2515	0	586.8	0	42	94.5
1.9	-1.7	3.9	0	0	0	0.3353	0	157.32	0	43	99
1.5	-3.4	4.9	0	0	0	0.2515	0	432.72	0	44	88.5
-0.4	-3.5	0.6	0	0	0	0.4191	0	117.72	0.12	45	96.8
-1.3	-5.3	1	0	0	0	0.922	0	561.24	0	46	74.4
-4.6	-9.1	0	0	0	0	0.4191	0	881.64	0	47	72
-1.7	-9	4.3	0	0	0	1.1735	0	852.12	0	48	61.2
1.7	-1.4	4.1	0	0	0	1.8441	0	236.16	0	49	56
1.4	-3.1	4.1	0	0	0	0.922	0	384.12	0	50	90.3
2.3	-2	8.6	0	0	0	1.0897	0	583.56	3.57	51	90.2
5.8	2	8	0	0	0	1.6765	0	504.36	0.74	52	81.9
8.9	7	11.2	0	0	0	2.9338	0	412.2	0	53	73.2
8.7	6.9	11.6	0	0	0	2.5985	0	945.72	0	54	62.8
10.2	3.8	17.2	0	0	0	1.3412	0	1076.76	0	55	65.1
6.6	2.2	10.6	0	0	0	1.5088	0	829.8	0.98	56	81.1
10.4	6.2	14.6	0	0	0	2.85	0	568.08	2.83	57	71.4
6.6	3.8	8.6	0	0	0	2.6823	0	642.24	0.74	58	65.5
5.2	2.1	8.6	0	0	0	1.425	0	861.84	0	59	64
5.7	2.5	9.1	0	0	0	1.0059	0	381.6	3.32	60	83.8
6.6	4	9.1	0	0	0	5.0294	0	614.88	12.61	61	75.5
7.1	5.1	9.2	0	0	0	4.275	0	435.96	2.86	62	69.6
5.2	1.2	7.1	0	0	0	1.8441	0	308.88	1.07	63	74.4
2.2	-0.1	5.4	0	0	0	2.0117	0	1240.92	0	64	63.5
-0.2	-2.7	3.2	0	0	0	1.8441	0	1209.6	0	65	58.8
2.2	-2.9	6.7	0	0	0	1.8441	0	605.88	0	66	57.2
6.3	3.4	11.1	0	0	0	0.7544	0	810.36	0	67	73.6
5.1	3.8	6.7	0	0	0	0.5029	0	246.96	1.9	68	94.4
5.6	1.3	11	0	0	0	1.2573	0	1116.72	0.12	69	70.7
8.8	3.9	14.4	0	0	0	1.7603	0	1339.2	2.97	70	60.2
7.4	5.6	9.6	0	0	0	2.9338	0	815.4	0.24	71	67.5
7.8	4.4	10	0	0	0	4.275	0	881.64	2.5	72	64.5
5.6	3.7	8.6	0	0	0	3.8558	0	779.04	0	73	62.5
5.3	2.6	8.7	0	0	0	2.0956	0	486.72	1.19	74	79.4
5.3	-2.4	13	0	0	0	0.5868	0	1480.68	0	75	66.5
7.5	3.3	12.1	0	0	0	1.425	0	694.8	4.4	76	80.5
3.2	0.7	6.5	0	0	0	2.5985	0	663.12	7.14	77	76
0.4	-1.4	3.2	0	0	0	2.9338	0	690.12	1.9	78	86.9
1	-0.6	3.8	0	0	0	2.1794	0	993.96	2.97	79	84.5
1.5	-0.7	3.9	0	0	0	2.5147	0	896.4	0.24	80	79.5
2.5	0.1	6	0	0	0	3.0176	0	658.08	2.14	81	82.5
1.7	-0.9	5.1	0	0	0	2.0956	0	824.4	2.97	82	82.7
-2.5	-7.3	-0.1	0	0	0	1.1735	0	940.68	2.14	83	90.9
-1.5	-8.5	4.2	0	0	0	1.0059	0	1669.32	0	84	73.9
-0.2	-2.1	2.5	0	0	0	2.6823	0	1317.96	0.48	85	79.9
0.6	-2.5	4.9	0	0	0	2.347	0	1241.64	0.12	86	72
2.5	-3.1	7.1	0	0	0	0.5868	0	641.88	0	87	82.1
6.4	0.6	11.4	0	0	0	1.425	0	1267.2	0	88	66.8
7.4	2.5	11.5	0	0	0	2.5985	0	1154.16	0.71	89	58.1
10.5	1.4	17.6	0	0	0	2.1794	0	1510.2	0	90	47.3
10.8	7.8	14.2	0	0	0	1.3412	0	1153.8	0	91	58.9
10.7	6.1	16	0	0	0	1.0059	0	1024.92	0	92	66.6
6.8	4.8	9	0	0	0	2.4309	0	907.2	4.07	93	85.4
5.1	3.8	7.9	0	0	0	1.8441	0	602.28	15.51	94	94
5.3	3.4	6.8	0	0	0	1.2573	0	622.8	0.11	95	87.1
5.6	-0.1	10.5	0	0	0	1.2573	0	1099.8	7.04	96	84
3.6	0.7	8	0	0	0	1.0059	0	1081.44	2.2	97	80.8
1.8	0.7	3.1	0	0	0	1.0059	0	365.4	4.29	98	87.4
4.5	1	8.7	0	0	0	0.922	0	1443.24	0	99	65.2
4	2.9	5.4	0	0	0	0.6706	0	385.92	15.84	100	86.3
3.4	1.4	5.1	0	0	0	0.7544	0	417.24	2.2	101	95.8
6.3	3.4	11.8	0	0	0	1.5926	0	960.48	9.24	102	94.9
7.5	2.2	13.1	0	0	0	1.425	0	2000.16	3.85	103	69.5
9	2	14.4	0	0	0	1.1735	0	1433.88	0.22	104	66.6
9.2	4.8	15.1	0	0	0	1.1735	0	1266.48	0	105	70.8
5.5	4.4	6.5	0	0	0	1.5926	0	460.44	2.86	106	89.4
4.1	-0.7	7.3	0	0	0	1.1735	0	972.36	0	107	78.2
3.8	-3	10.1	0	0	0	0.5029	0	1878.48	0	108	72.8
5.1	0.6	8.9	0	0	0	1.5088	0	1074.96	0	109	81
4.6	3.6	5.8	0	0	0	1.9279	0	222.12	0.22	110	92.9
6.4	4.5	8.8	0	0	0	1.2573	0	529.2	0.22	111	87.9
9.5	3.6	13.8	0	0	0	2.347	0	1392.84	0	112	68.7
9.4	6.6	12.9	0	0	0	1.5926	0	665.28	3.41	113	74.3
9.3	2.8	15.9	0	0	0	0.6706	0	2094.84	0	114	65.8
10.5	1.1	19	0	0	0	0.7544	0	1929.96	0	115	66.6
9.2	6.2	12.2	0	0	0	1.6765	0	910.08	7.48	116	79.5
10.1	2.9	17.6	0	0	0	0.5029	0	2056.32	0	117	70.4
13.1	5	20.5	0	0	0	0.7544	0	2290.68	0	118	57.8
15.8	7.6	23.6	0	0	0	1.0897	0	2212.56	9.13	119	60
10.6	7.6	12.4	0	0	0	0.922	0	682.2	15.84	120	90.3
11.9	3.7	18.9	0	0	0	0.922	0	2050.56	0	121	67.9
11.4	5.5	16.1	0	0	0	1.1735	0	1798.2	0.11	122	62.6
9.3	3	16	0	0	0	1.0059	0	1640.16	2.31	123	77.2
10.1	4.5	16.7	0	0	0	0.5868	0	2047.68	0	124	72.5
10.1	2.4	16.4	0	0	0	0.8382	0	2413.08	0	125	64.8
10.5	3	17	0	0	0	0.4191	0	1108.8	0	126	81.3
13	6	19.5	0	0	0	0.7544	0	2428.92	0	127	71.3
13.4	5.4	20.2	0	0	0	0.6706	0	2563.2	0	128	60.8
13.8	4.4	21.6	0	0	0	0.5868	0	2419.2	0	129	63.2
14.8	5.9	21.9	0	0	0	1.0897	0	2634.84	0	130	58.9
15.3	5.7	21.7	0	0	0	1.1735	0	2680.2	0	131	53.5
15.4	6.4	22.1	0	0	0	1.425	0	2707.2	0	132	54.7
15.2	6.1	23.1	0	0	0	0.7544	0	2631.96	0	133	59.8
15.3	6.6	22.4	0	0	0	1.0897	0	2592	0	134	63
14.6	7	21.3	0	0	0	0.7544	0	2676.96	0	135	64.8
14.8	7	21.9	0	0	0	0.8382	0	2129.76	4.41	136	71.9
14.8	11.1	19.6	0	0	0	0.6706	0	1499.4	0.84	137	84
14.6	9.2	22.2	0	0	0	0.7544	0	1392.12	0.32	138	80.8
10.8	8.9	13	0	0	0	0.922	0	864.72	0	139	76.7
11	7.6	15	0	0	0	0.8382	0	1407.24	0	140	68.8
11.7	6.8	15.5	0	0	0	1.1735	0	2066.4	0	141	60.1
11.3	8.3	14.7	0	0	0	1.0059	0	1486.8	0	142	61
11.8	6.2	16.2	0	0	0	0.5029	0	1563.48	0	143	69.1
13	10	18.4	0	0	0	0.5029	0	1440	0.32	144	79.2
14.1	8.3	19.6	0	0	0	0.8382	0	2168.28	0.11	145	70.5
16.1	8.2	22.6	0	0	0	1.3412	0	2460.6	0	146	62.8
17	10.6	23.2	0	0	0	0.5029	0	1184.4	0	147	72.3
16.1	11.9	20.4	0	0	0	1.5088	0	1830.6	0	148	74.2
18.7	13	25.5	0	0	0	1.425	0	2260.08	0	149	69.8
19.6	12.5	26	0	0	0	1.0897	0	2140.92	0	150	71.6
22.1	12.7	28.7	0	0	0	0.922	0	2670.12	0	151	63.1
20.1	15.3	27.3	0	0	0	0.922	0	1940.76	8.29	152	77.7
20.1	15.1	26.3	0	0	0	0.6706	0	2294.28	0.11	153	76.9
21.6	14.5	28.9	0	0	0	0.7544	0	2172.6	0	154	68.7
18.8	13.9	24	0	0	0	1.0897	0	1580.76	21.21	155	76.8
17.7	14.9	21.8	0	0	0	0.6706	0	1091.16	5.46	156	85.1
17.7	12.2	23	0	0	0	1.425	0	2802.96	0	157	59.1
17.1	9.8	22.4	0	0	0	1.0897	0	2708.64	0	158	59.7
18.8	10.5	25.2	0	0	0	0.8382	0	2791.08	0.11	159	61.1
18.2	12	25.3	0	0	0	0.7544	0	2459.88	2.21	160	66.3
18.9	10.5	26.2	0	0	0	0.5029	0	2840.04	0.63	161	64.3
19.9	10.4	26.9	0	0	0	0.8382	0	2799.72	0	162	60.9
15.3	13	17.6	0	0	0	1.425	0	1379.16	0	163	65.7
13.2	10	17.2	0	0	0	0.922	0	1581.84	1.47	164	70.6
11.1	7.9	15.5	0	0	0	1.8441	0	1824.84	14.18	165	78.4
11.9	7.6	18.1	0	0	0	0.922	0	1974.6	2.84	166	70.6
12.2	6.5	18.1	0	0	0	0.6706	0	1858.68	0.11	167	74.5
12.2	8.5	16.8	0	0	0	0.6706	0	1675.44	11.23	168	80.8
14.1	7.7	20.2	0	0	0	0.5029	0	2528.28	0.11	169	68.5
17.2	12.1	23.3	0	0	0	0.5029	0	2130.12	0.11	170	65.7
18.4	9.8	25.4	0	0	0	0.8382	0	1990.08	0	171	59.7
17.5	14.2	21.8	0	0	0	1.1735	0	2392.56	1.37	172	60.6
15.4	12.7	20.3	0	0	0	0.5868	0	1405.44	0.32	173	75.5
21.7	11.8	30.9	0	0	0	1.0059	0	2427.48	2.84	174	69.5
19.9	12.6	23.6	0	0	0	1.9279	0	3067.2	3.78	175	58.5
16.3	10.5	21.8	0	0	0	1.0059	0	2652.12	0	176	65.9
17.4	10.8	22.4	0	0	0	0.5868	0	1168.92	1.37	177	84.5
18.7	12.7	23	0	0	0	1.1735	0	2727.36	0.11	178	63.7
16	10.6	20.8	0	0	0	1.6765	0	1510.2	0	179	67.7
17.7	10.5	22.6	0	0	0	1.3412	0	1742.04	0	180	68.7
20.4	14	26.6	0	0	0	1.1735	0	2795.76	0	181	59
18.3	11.5	23.2	0	0	0	1.5926	0	2417.04	0	182	59.7
19.8	9.3	27.5	0	0	0	0.8382	0	2822.4	0	183	57.1
23.4	11.6	31.6	0	0	0	0.922	0	2770.2	0	184	53.3
22	15.6	31.7	0	0	0	0.7544	0	1575.72	3.15	185	70.8
17.7	12.7	22.2	0	0	0	2.347	0	2272.68	1.78	186	68
17	9.8	23.4	0	0	0	1.0059	0	2707.92	0	187	62.3
19.3	12.2	27.5	0	0	0	0.6706	0	1610.28	0.73	188	65.4
17.5	13.9	22.2	0	0	0	1.2573	0	1987.92	4.73	189	66.9
15.6	12.9	20.5	0	0	0	1.3412	0	1774.44	1.99	190	72.4
15.5	10.6	19.6	0	0	0	1.425	0	1792.8	0.73	191	66.3
18.9	13.6	25.9	0	0	0	0.5868	0	1470.24	0.42	192	69.6
19.8	15.1	26.7	0	0	0	0.922	0	1325.88	0	193	73.8
18.6	12.5	23.4	0	0	0	1.2573	0	2017.8	0	194	62.7
14.2	11.1	18.2	0	0	0	0.5868	0	878.04	7.04	195	88.6
15.4	9.9	19.7	0	0	0	1.3412	0	2032.2	0	196	69
18.2	9.3	23.6	0	0	0	1.2573	0	2197.44	0	197	61.2
16.9	12.6	23.2	0	0	0	1.0897	0	1025.28	10.19	198	77.5
15.1	11.7	19.4	0	0	0	0.8382	0	1531.8	0.11	199	67.4
15.7	13.3	19.1	0	0	0	0.7544	0	935.28	0.42	200	74.7
17.1	12.4	22.4	0	0	0	1.0897	0	1513.8	4.73	201	75.3
14.9	10.8	20.9	0	0	0	1.0897	0	1488.96	2.63	202	79
12.3	8.6	16.1	0	0	0	1.5088	0	1100.88	1.78	203	73.3
12.9	10.6	15.1	0	0	0	1.5088	0	572.04	15.12	204	93.3
15.4	10.2	21.2	0	0	0	0.6706	0	1614.24	0	205	74.5
16.5	8.3	22.3	0	0	0	0.7544	0	1783.44	0	206	69.4
20.2	16	25.5	0	0	0	0.7544	0	1500.12	0	207	73.5
23.6	15.4	31.2	0	0	0	0.922	0	2515.32	0	208	62.2
23.2	14.1	30.2	0	0	0	0.922	0	2421.72	0	209	56
23.2	12.7	31.2	0	0	0	1.1735	0	2631.24	0	210	50.6
23.6	13.5	32.7	0	0	0	0.8382	0	2405.52	0	211	54
23.3	17	29.5	0	0	0	0.6706	0	2193.48	0	212	60.3
23.1	15.1	30.9	0	0	0	0.7544	0	1982.52	0	213	57.5
22.3	15.3	29.4	0	0	0	0.7544	0	1405.8	0.21	214	65.4
20.5	16.8	24.9	0	0	0	0.5868	0	1238.4	0.42	215	68.9
21.4	17.6	25.5	0	0	0	1.5088	0	1838.52	0.11	216	56.9
19.3	14.4	22.8	0	0	0	1.9279	0	1496.88	3.15	217	63
17.4	11.5	22	0	0	0	1.7603	0	1798.92	0	218	61
20	10	28.1	0	0	0	0.5868	0	2192.76	0	219	58.5
24.2	14.1	33.6	0	0	0	0.922	0	2330.28	0.84	220	53.3
18.7	14	24.3	0	0	0	1.3412	0	1965.96	7.46	221	72.3
15.3	10.7	19.3	0	0	0	1.5926	0	1490.4	1.47	222	65.8
17.9	9.7	23.1	0	0	0	0.8382	0	1079.64	0.32	223	63.6
20.5	14.9	27	0	0	0	0.922	0	1850.76	3.46	224	66
18.9	16	21.4	0	0	0	0.8382	0	806.04	1.99	225	80.4
19.5	15.4	23.4	0	0	0	1.6765	0	1924.56	0	226	51.4
18.6	13.7	23.9	0	0	0	0.922	0	1811.52	0	227	51.9
12.7	8.8	14.7	0	0	0	0.5029	0	442.44	14.07	228	86.7
13.7	8.2	20.5	0	0	0	0.5868	0	1500.12	0.11	229	76.5
16.1	7.5	24	0	0	0	0.5029	0	2021.04	0	230	63.3
18.8	10.8	24.7	0	0	0	0.922	0	1621.44	0	231	57.5
18.7	15.3	24.6	0	0	0	0.8382	0	823.68	4.51	232	76.3
17.6	12.6	22	0	0	0	1.3412	0	1401.84	0	233	64.8
18.1	13	23.1	0	0	0	0.7544	0	1696.32	0	234	58.8
18.3	11.6	25.8	0	0	0	0.5868	0	1717.92	3.04	235	67.5
14.2	11.7	18.1	0	0	0	1.8441	0	1454.76	19.64	236	71.3
14	9.5	19	0	0	0	1.8441	0	1662.12	6.51	237	74.1
14.5	8.7	19.8	0	0	0	0.5868	0	901.44	1.99	238	83.4
16.9	12.9	20.9	0	0	0	0.922	0	1399.68	0.11	239	77.2
19.3	14.2	26.3	0	0	0	0.8382	0	1659.6	0	240	68.8
16.7	14.1	19.7	0	0	0	1.0897	0	768.24	0	241	76.1
17.2	14.2	20.6	0	0	0	1.5088	0	829.08	0	242	74.8
16	11.6	21.5	0	0	0	0.5868	0	1382.4	0	243	69.7
17.5	8	26.2	0	0	0	0.5868	0	1935	0	244	56.4
16.5	11.3	20.7	0	0	0	0.6706	0	765.72	3.99	245	77
17.6	11.9	24	0	0	0	0.5868	0	1303.92	0.11	246	72.6
16.3	10.9	20	0	0	0	1.0059	0	609.12	11.87	247	74.2
12.8	8.5	18.6	0	0	0	0.5029	0	634.32	0.21	248	86.6
15.6	9.8	22.5	0	0	0	0.3353	0	988.2	7.77	249	85.2
18.9	14.3	22.4	0	0	0	0.6706	0	535.68	5.99	250	75.4
15.4	12.5	18.9	0	0	0	0.5868	0	844.92	3.15	251	83.7
15.4	10.6	21.1	0	0	0	0.922	0	1446.48	0	252	69.4
15.7	7.7	24.8	0	0	0	0.5029	0	1695.96	0	253	70.3
17.6	10.8	23.9	0	0	0	0.6706	0	1333.08	0	254	72.8
18.4	12.5	25.1	0	0	0	0.7544	0	1533.96	0	255	72.9
15.1	11.9	17.4	0	0	0	1.7603	0	720.36	0	256	78.4
11	7.1	14.6	0	0	0	2.6823	0	1715.76	0	257	59.9
8.1	4.1	11.6	0	0	0	1.0897	0	820.8	0	258	73.1
8.9	7.3	11	0	0	0	1.0059	0	296.28	0	259	82.6
7.2	3.1	9	0	0	0	0.8382	0	345.96	0	260	75.3
6.7	1.8	11.6	0	0	0	0.3353	0	939.96	0	261	73.6
6.2	-0.7	13.8	0	0	0	0.4191	0	1237.32	0	262	74.7
7.8	-0.4	14.2	0	0	0	0.4191	0	1200.24	0	263	70.1
9.8	6.6	12.6	0	0	0	0.5029	0	591.84	0	264	70.8
9.5	6.8	13.5	0	0	0	0.6706	0	565.2	9.77	265	91.7
9	6.4	10.9	0	0	0	0.8382	0	535.68	4.09	266	94.1
9.2	6.1	11.4	0	0	0	0.6706	0	293.76	10.29	267	98
10.4	8.9	12.9	0	0	0	0.7544	0	366.12	1.26	268	92.3
9.5	6.7	12.3	0	0	0	1.0897	0	357.84	0.63	269	88.3
7.5	2.6	12.9	0	0	0	0.5029	0	868.32	0	270	90.8
9	5.5	15	0	0	0	0.2515	0	1038.24	0	271	87.5
10	4.9	18	0	0	0	0.8382	0	1265.4	0	272	81.3
10.6	4.9	16.3	0	0	0	0.5868	0	1065.24	0	273	76.6
9.7	8	11.1	0	0	0	1.2573	0	522.72	2.73	274	80.1
12	9.4	14.6	0	0	0	2.347	0	707.76	2.31	275	77.6
9.5	6.4	14.2	0	0	0	1.5926	0	998.64	0.84	276	73
7.7	3.5	12.1	0	0	0	0.8382	0	1009.44	0	277	72.7
5.7	1.1	10.2	0	0	0	0.922	0	652.68	0.42	278	81
9.3	3.5	13.1	0	0	0	1.5088	0	921.96	0.32	279	67.4
11.5	9.5	13.7	0	0	0	0.5868	0	361.8	4.2	280	90.3
12.3	8.6	16.9	0	0	0	0.2515	0	655.2	1.26	281	88.4
13.7	8.2	21.1	0	0	0	0.3353	0	1088.64	0	282	82.2
11.8	10.6	12.7	0	0	0	0.5029	0	160.92	0.11	283	92.4
11.9	8.1	17.1	0	0	0	0.3353	0	810	0	284	86.6
11.6	6.1	20.6	0	0	0	0.4191	0	1088.28	0	285	81.6
11	6.2	18.1	0	0	0	0.6706	0	1115.64	0	286	84.6
13.3	6.5	22.6	0	0	0	0.5868	0	1026.36	0	287	75.8
13.5	8.6	15.7	0	0	0	0.8382	0	343.44	0	288	85.5
11.8	8	15.9	0	0	0	0.6706	0	456.48	0	289	83.3
10	6	13.5	0	0	0	1.425	0	261.36	9.45	290	89
5.3	0.2	10.6	0	0	0	1.0059	0	618.48	0	291	82.2
6.2	0.2	13.4	0	0	0	0.5868	0	905.04	0	292	73.5
7.5	1.5	13.3	0	0	0	0.922	0	805.68	0	293	75.3
10.8	2.5	17.5	0	0	0	1.1735	0	1013.4	0	294	70.3
14	8.8	19.2	0	0	0	1.425	0	728.28	1.89	295	76.4
6.9	5.1	8.6	0	0	0	0.5029	0	232.56	9.97	296	93.4
5.3	0.7	12	0	0	0	0.5029	0	833.04	0	297	83.9
4.3	-0.8	12	0	0	0	0.5868	0	920.16	0	298	81.3
6.3	1.5	12.9	0	0	0	0.4191	0	667.8	0	299	86.7
10	5.1	15.2	0	0	0	1.5926	0	705.6	0	300	62.6
8.6	5.5	11	0	0	0	1.0897	0	180.36	7.88	301	85.4
6	4.3	9.5	0	0	0	0.4191	0	408.6	1.68	302	88
4.4	3.1	5.1	0	0	0	0.6706	0	209.52	4.2	303	92.9
1.5	0.9	2.5	0	0	0	1.2573	0	199.44	11.76	304	95.9
2.9	-0.4	7	0	0	0	0.3353	0	403.92	0	305	90.5
2.9	1.6	3.6	0	0	0	0.5029	0	141.84	0	306	96
4.2	2.8	6	0	0	0	0.5868	0	266.76	0	307	96
7.5	6.2	8.7	0	0	0	0.5029	0	133.56	0.12	308	96
7.8	7.2	8.4	0	0	0	0.6706	0	177.84	0.12	309	96
9	8.1	9.5	0	0	0	1.0897	0	77.76	0.59	310	96
9.2	8.6	9.8	0	0	0	0.2515	0	104.76	0.47	311	96
8.6	7.7	9.5	0	0	0	0.5029	0	145.44	0.12	312	87.6
6.4	3.1	11.7	0	0	0	0.4191	0	483.12	0	313	86.5
8.8	4.4	12.5	0	0	0	1.5926	0	299.16	0.24	314	77.8
12.5	9.8	14.1	0	0	0	2.347	0	414	0	315	63.9
11.6	7.8	14.7	0	0	0	2.6823	0	295.56	0	316	57.5
7.1	3.1	10.6	0	0	0	1.425	0	348.84	0	317	70.3
2.6	-0.5	8	0	0	0	0.5029	0	460.44	0	318	90.8
4.1	-0.4	8.6	0	0	0	1.0897	0	446.4	0	319	75.4
7.9	6.1	10.4	0	0	0	1.5926	0	523.44	0	320	74.6
8.5	3.7	10.7	0	0	0	2.347	0	213.48	0.12	321	73.4
2.7	-2.2	6.1	0	0	0	1.1735	0	449.64	0	322	79
2.8	-1.9	6.1	0	0	0	1.5926	0	333.36	0	323	77.6
5.9	4.2	7.6	0	0	0	2.5985	0	162.72	0.24	324	76.3
7.1	3.4	9.4	0	0	0	3.772	0	123.12	6.73	325	75
2	-0.4	5	0	0	0	2.9338	0	205.92	8.02	326	86.4
-0.4	-1.4	0.1	0	0	0	3.4367	0	143.64	0	327	79.8
-0.3	-1.7	1.4	0	0	0	2.5985	0	335.88	0	328	73.8
-1.3	-3.4	0.1	0	0	0	0.8382	0	61.92	2.95	329	88.7
-1.7	-5.4	0.1	0	0	0	1.6765	0	164.88	0	330	88.8
0.7	-3.2	3	0	0	0	1.5088	0	213.84	0.35	331	85.5
3.6	2.2	6	0	0	0	1.2573	0	227.52	0.35	332	74.8
0.3	-2.8	3.8	0	0	0	0.7544	0	386.64	0	333	73
-0.1	-2.7	2.1	0	0	0	0.7544	0	148.32	0.59	334	89.2
0.1	-3.5	5.8	0	0	0	0.5868	0	268.2	0	335	84.3
-0.8	-3.1	0.5	0	0	0	1.1735	0	50.4	18.41	336	96.8
2.2	0.8	3.7	0	0	0	2.0117	0	244.08	0.12	337	77.8
0.6	-0.6	1.3	0	0	0	2.0117	0	100.8	0.59	338	78.8
0.3	-4.7	4	0	0	0	1.2573	0	128.52	0	339	87
3.5	2.3	5.1	0	0	0	1.3412	0	240.48	1.77	340	84
2.5	1.9	3.1	0	0	0	1.5088	0	129.6	4.6	341	93
2.9	1.4	4	0	0	0	2.0117	0	116.28	0.35	342	89
2.5	-0.5	5.1	0	0	0	1.8441	0	352.08	0	343	75.4
0.3	-1.7	2.1	0	0	0	1.3412	0	305.28	0	344	78.6
0.3	-0.3	1.2	0	0	0	0.5868	0	136.08	0	345	89.4
-0.3	-0.7	0	0	0	0	0.7544	0	25.2	4.13	346	97.9
-0.6	-1.5	1	0	0	0	0.5029	0	84.96	1.89	347	93
-0.3	-1.3	1.3	0	0	0	0.6706	0	66.96	0	348	93.3
0.9	-2.7	6.1	0	0	0	0.5029	0	282.96	0.24	349	89.6
-1.8	-4.2	-0.3	0	0	0	0.0838	0	144.36	0	350	97.5
0.4	-0.3	0.9	0	0	0	0.0838	0	69.48	0	351	98
0.4	-0.2	0.8	0	0	0	0.8382	0	50.76	0	352	97.4
0.7	-0.3	2.3	0	0	0	0.8382	0	86.76	0.24	353	94.8
2.1	-0.3	4.6	0	0	0	1.6765	0	136.08	2.83	354	87.5
3.9	1.1	6.9	0	0	0	2.2632	0	74.88	0.59	355	79.9
4.8	2.2	7.2	0	0	0	1.8441	0	113.76	0	356	78.2
6.7	4.1	8.1	0	0	0	3.1853	0	156.96	5.31	357	76.5
4.4	3.3	5.8	0	0	0	2.0117	0	224.64	0.12	358	86
4.2	3	5.2	0	0	0	2.0117	0	29.52	1.06	359	92.4
0.7	-1.9	3.8	0	0	0	2.0117	0	113.76	0.47	360	83.8
-3.5	-4.5	-2.3	0	0	0	1.7603	0	203.4	0	361	82.8
-3.5	-4.4	-2.8	0	0	0	1.5088	0	104.76	0	362	79
-3.6	-5.8	-1.7	0	0	0	1.3412	0	374.76	0	363	76.2
-6.3	-9.3	-3.7	0	0	0	0.7544	0	144.72	0	364	91.7
-7.6	-11.3	-1.4	0	0	0	0.1676	0	297.72	0	365	90
-7.6	-11.3	-0.8				0.1676		296.28	0		89.3
