"Tp_av" "Tpmin" "Tpmax" "T_s10" "T_s20" "vappd" "wind" "sundu" "radia" "prec" "tagesnummer" "RF" 
"C_deg" "C_deg" "C_deg" "C_deg" "C_deg"  "mm_Hg" "m/se" "hours" "J/cm²" "mm" "jday" "%"
50 "-----" "-----" "-----" "-----" "-----" "2m" "-----" "------" "--" 0 0 
1.2 -1.5 4 0 0 0 0.85 0 301.212 3.4 1 100 
0.4 -1.3 2 0 0 0 1.2 0 110.196 5.9 2 100 
2.4 1.1 4.5 0 0 0 1.2 0 198.756 0.7 3 99.9 
3.1 0.8 5.8 0 0 0 0.9 0 150.336 1.8 4 99.7 
4.7 4.2 5.9 0 0 0 2 0 130.284 8.4 5 100 
5.3 4.2 6.2 0 0 0 1.1 0 89.712 2.9 6 100 
4.5 -0.9 8 0 0 0 1.1 0 154.44 6.5 7 98.7 
3.2 -0.9 5.4 0 0 0 0.6 0 157.788 2.9 8 100 
7 4.8 8.4 0 0 0 0.6 0 42.876 8 9 100 
7 3.3 11.7 0 0 0 0.9 0 415.872 0.2 10 99.6 
7.7 1.9 11.3 0 0 0 2.6 0 349.668 1.2 11 87 
6.8 5 9.2 0 0 0 3.3 0 222.048 5 12 87.6 
8 3.3 11.2 0 0 0 1.7 0 123.372 0 13 91.7 
4.7 -0.9 11.2 0 0 0 1.4 0 334.656 0.7 14 94.3 
-0.1 -3.1 6.6 0 0 0 0.5 0 555.3 0 15 96.6 
-0.7 -2.4 0.3 0 0 0 1 0 111.636 0 16 100 
1.8 -0.4 4.9 0 0 0 0.8 0 189.792 0.3 17 100 
9.6 3.3 13.8 0 0 0 4.3 0 88.344 0.9 18 86.5 
8.1 5.9 10.4 0 0 0 4.3 0 141.408 27.3 19 99.2 
8.9 6.6 11 0 0 0 1 0 96.516 1.4 20 98 
5.1 -1.4 10.6 0 0 0 2.4 0 384.948 4.7 21 89.9 
0.9 -1.5 3.6 0 0 0 0.6 0 293.076 0 22 99.4 
-1 -3.1 2.7 0 0 0 4.5 0 145.188 0 23 87.2 
-3.8 -4.6 -2.9 0 0 0 2.8 0 146.196 0.7 24 98.9 
-5.6 -9.1 -2.1 0 0 0 1.4 0 660.204 0.1 25 90.9 
-7.1 -10.1 -4.4 0 0 0 1.6 0 667.908 0 26 96.6 
-2.2 -6.6 0.3 0 0 0 2.9 0 247.896 4.2 27 99.9 
1.1 0 2.1 0 0 0 2.4 0 107.46 1.2 28 99.2 
1.7 0.8 2.6 0 0 0 2.9 0 128.844 5.8 29 100 
2.2 -0.5 5.5 0 0 0 1.1 0 311.004 0 30 99.5 
2 0.2 3.4 0 0 0 0.9 0 161.028 0 31 98.1 
3 0.1 6.6 0 0 0 1.5 0 343.836 0.9 32 98.8 
2.3 -0.6 4.1 0 0 0 0.4 0 155.232 0.9 33 100 
4.3 2.1 6.1 0 0 0 2.6 0 469.44 0.9 34 93 
2 -2 7.3 0 0 0 1 0 598.644 0.6 35 95 
0.1 -3.6 3.2 0 0 0 0.9 0 354.384 3.6 36 99.5 
1.7 -0.1 3 0 0 0 0.8 0 277.956 1.7 37 99.9 
1.5 -0.1 3.1 0 0 0 1.3 0 150.3 7.8 38 100 
3.3 2.2 5.8 0 0 0 1.3 0 209.124 4.9 39 100 
2.4 -1 7.8 0 0 0 1.2 0 556.668 8 40 96.9 
2.3 -2.3 7.6 0 0 0 0.7 0 767.52 1 41 97.1 
4.4 3.2 6.1 0 0 0 1.4 0 180.504 4.9 42 100 
4.7 3.1 5.8 0 0 0 1 0 186.444 9.8 43 100 
5.2 4.2 7.7 0 0 0 2.1 0 215.1 3.7 44 98.3 
4.9 -0.2 8.1 0 0 0 1.5 0 536.976 3.1 45 96.8 
4.7 3.3 5.8 0 0 0 1.9 0 213.408 10.4 46 99.8 
2.9 -1.5 8.7 0 0 0 1.2 0 960.516 0 47 93.8 
2.9 -3 12.8 0 0 0 1.1 0 1042.2 0 48 84.7 
2.7 -2 11.6 0 0 0 1.1 0 998.82 0 49 84.7 
0.6 -1.4 5.2 0 0 0 0.7 0 406.62 0 50 99.5 
3.3 -1.1 10.2 0 0 0 0.8 0 910.008 0 51 94.9 
3.5 -1.9 10.7 0 0 0 1 0 969.624 0 52 95.9 
4.9 0.9 11.1 0 0 0 0.9 0 867.852 0 53 96.2 
4.3 -0.9 12.5 0 0 0 0.9 0 836.496 0 54 93 
4.6 0.2 11.6 0 0 0 1 0 805.212 0 55 94.4 
4.9 1.6 9.4 0 0 0 1.2 0 386.136 2.4 56 99.3 
4.3 2.3 6.8 0 0 0 1.6 0 217.728 7.1 57 100 
3.4 2.2 5.4 0 0 0 2.2 0 261.072 13.4 58 99.4 
6.2 2.1 11.2 0 0 0 1.7 0 367.74 7.9 59 98.3 
6.6 3.9 10.8 0 0 0 2.3 0 151.632 7.8 60 97.1 
4.5 -1.1 8.8 0 0 0 2.2 0 697.644 0.8 61 92.3 
4.3 -1.2 11.5 0 0 0 3.1 0 466.524 13.1 62 98 
3.9 -1.2 10.6 0 0 0 1.3 0 1212.984 0 63 99.1 
4 -1.2 9.5 0 0 0 0.9 0 653.004 0.2 64 94.8 
5.6 -0.9 14.2 0 0 0 1 0 1114.452 0.1 65 89.5 
7.7 2.2 13.8 0 0 0 1.3 0 1102.932 0 66 89.3 
7.9 2.1 11.7 0 0 0 1.8 0 938.088 0.4 67 89.5 
4.6 -0.1 10.4 0 0 0 1.1 0 794.916 0 68 89.8 
3.9 -1.3 7.7 0 0 0 1.8 0 730.872 2.2 69 89.9 
2.5 -3 10.5 0 0 0 0.8 0 1280.772 0 70 89.7 
7.1 -1.5 18.2 0 0 0 0.8 0 1424.376 0 71 89 
7.5 1 15.6 0 0 0 1 0 1392.66 0 72 92 
7.3 0 14.4 0 0 0 1.6 0 1228.896 0 73 91.4 
7 1.4 14.4 0 0 0 1.1 0 1336.5 0 74 91.8 
5.3 -1.2 14.4 0 0 0 1 0 1267.812 0 75 95.4 
4.8 -1.1 7.9 0 0 0 2.1 0 279.792 0 76 99.7 
7.7 1.6 12.4 0 0 0 3.2 0 659.664 4 77 90.9 
1.8 -0.7 3.6 0 0 0 1.9 0 282.6 2.1 78 99.9 
2.3 -0.2 5.3 0 0 0 2.9 0 721.368 0 79 94 
1.4 -1 4.5 0 0 0 2.3 0 974.988 0.6 80 100 
1.4 -0.7 3.6 0 0 0 2.4 0 293.652 1.7 81 100 
3.2 -0.1 7.8 0 0 0 2.9 0 1323.936 2.5 82 98.2 
2 0 4 0 0 0 0.9 0 339.552 7.5 83 92.3 
7.9 0.3 14.5 0 0 0 2.4 0 1438.704 0 84 90.4 
10.6 4.9 16.9 0 0 0 2.8 0 1626.552 0 85 91.7 
9.7 1.9 16.7 0 0 0 3.1 0 1617.84 0 86 90.8 
8.3 -0.2 15.1 0 0 0 2.3 0 1536.012 0 87 91.9 
7.5 1 14.1 0 0 0 1.5 0 1478.088 0.2 88 97.9 
8.3 -0.6 14.9 0 0 0 1.6 0 1629.612 0.1 89 99.9 
10.4 5.1 15.5 0 0 0 1.8 0 1195.596 0 90 100 
10.3 4.7 15.5 0 0 0 2.2 0 1346.508 0 91 99.8 
10.7 3.3 17.2 0 0 0 1.5 0 1594.8 0 92 75.1 
8.9 3.5 15.8 0 0 0 2.3 0 968.364 0.3 93 86.5 
4.4 -0.9 8.6 0 0 0 4.2 0 1289.232 0 94 91.4 
6 -2.3 14.2 0 0 0 1.4 0 1861.812 0 95 75.4 
9.3 0.9 17.5 0 0 0 1.3 0 1578.528 0 96 81 
9.3 1.8 16.7 0 0 0 2.3 0 1295.892 0 97 80.5 
8.7 1.6 15.3 0 0 0 2.1 0 1886.796 0 98 69 
9.2 0 18.1 0 0 0 1.8 0 1969.848 0 99 71.1 
9.5 0.8 17.4 0 0 0 1.9 0 1834.272 0 100 77.7 
11 2.1 18.5 0 0 0 1.2 0 1866.528 0 101 80.1 
13.9 3.9 22.4 0 0 0 1.4 0 1952.496 0 102 75.1 
16 8 23.8 0 0 0 1.3 0 1790.172 0 103 70.9 
17.1 8.8 26.3 0 0 0 1.5 0 2065.32 0 104 59.4 
15.6 6.4 23.9 0 0 0 1.5 0 2101.356 0 105 57.3 
15 6.6 23.9 0 0 0 1.3 0 2097.432 0 106 60.5 
14.3 4.2 24.2 0 0 0 1.4 0 2115.72 0 107 60.6 
9.6 3.2 15.1 0 0 0 3.3 0 1451.736 1.6 108 76.5 
8.4 0.8 16.4 0 0 0 1.3 0 2137.932 0 109 71.5 
9.3 -0.1 17.2 0 0 0 2 0 1838.196 0 110 70.4 
10 2.4 17.5 0 0 0 1.6 0 2139.624 0 111 58.5 
11.7 3.2 21 0 0 0 1.2 0 2243.52 0 112 59 
14.3 2.9 23.6 0 0 0 1.6 0 2183.94 0 113 59.1 
12.5 8.9 15.6 0 0 0 0.9 0 734.292 0.5 114 93.9 
14.7 6.2 23.1 0 0 0 1.3 0 2038.032 0.1 115 74.4 
16.9 8.2 24.7 0 0 0 1.9 0 2339.64 0 116 54.2 
16.3 7.4 25 0 0 0 1.7 0 2317.752 0 117 57.4 
16.4 6.8 25.4 0 0 0 1.1 0 2294.388 0 118 60.5 
15.4 8.3 21.1 0 0 0 3.1 0 2308.14 0 119 59.8 
12.4 5.9 18.7 0 0 0 2.8 0 2434.932 0 120 48.1 
11.1 2.8 17.5 0 0 0 2.4 0 2375.172 0 121 52.3 
10.7 -1.2 19.9 0 0 0 1.5 0 2490.552 0 122 44.2 
12.4 1.8 21.4 0 0 0 1.1 0 2167.416 0 123 56.5 
15.1 6.5 22.8 0 0 0 1.6 0 1606.608 0 124 65.4 
12.9 10 17.5 0 0 0 2.4 0 825.372 7.4 125 89 
12.4 6.6 16.8 0 0 0 1.8 0 867.456 2.5 126 89.3 
12.6 6.3 17.2 0 0 0 1.8 0 958.248 0.1 127 90 
12.6 8.8 18.2 0 0 0 2.9 0 1377.936 16.8 128 88.7 
10.5 8 12.3 0 0 0 1.4 0 722.124 28.1 129 100 
15.5 9.5 22.8 0 0 0 2.2 0 2218.068 1.6 130 96.8 
15.7 9.5 24.3 0 0 0 2.7 0 1851.552 0 131 98.5 
14 7.5 20.1 0 0 0 2.1 0 1607.004 0.5 132 91.1 
16.6 5.2 27 0 0 0 1.4 0 2470.248 0 133 90 
19.7 11.8 27.1 0 0 0 1.9 0 2181.78 4.3 134 90.9 
10.8 7.2 13.7 0 0 0 2.2 0 867.312 4 135 100 
10.3 3.3 17.1 0 0 0 1.4 0 1936.692 0.4 136 95.1 
8.3 4.8 11.2 0 0 0 1.7 0 912.924 8.7 137 100 
9 1.6 16.7 0 0 0 1.2 0 2140.524 0.1 138 91 
13.1 3.3 22.3 0 0 0 1.2 0 2691.756 0 139 88.9 
17.8 6.9 27.6 0 0 0 1.4 0 2691.792 0 140 89.4 
20.3 11.1 28.6 0 0 0 1.1 0 2656.188 0 141 91.4 
17.9 12.5 27 0 0 0 1 0 1228.536 14.8 142 100 
18.8 13.3 25.5 0 0 0 0.9 0 2144.592 0 143 100 
20.7 12.9 27.7 0 0 0 1 0 2626.776 0 144 100 
20.2 13.6 28.2 0 0 0 1.1 0 1833.84 2.4 145 93.8 
20.2 13.3 28.1 0 0 0 1.6 0 2462.832 1.8 146 91.1 
18.6 13.2 25.7 0 0 0 1.5 0 1808.46 7.9 147 94.3 
14.3 8.5 21.9 0 0 0 2.7 0 1341.18 12.9 148 100 
9.1 7 11.2 0 0 0 3.2 0 486.504 36.5 149 90.1 
9.8 5.3 15.6 0 0 0 1.4 0 1874.592 0.3 150 88.8 
12 3.5 19.3 0 0 0 1.1 0 2603.916 0.1 151 88.2 
15.1 7.1 23.1 0 0 0 1.3 0 2297.124 2.6 152 87.2 
15.3 11.8 19.5 0 0 0 0.8 0 1105.668 2.7 153 87.2 
17.5 13.9 21.2 0 0 0 1.8 0 1872.504 0 154 86.4 
18.9 14.6 23.2 0 0 0 2 0 2495.664 0 155 86 
18.5 14.6 22.8 0 0 0 1.8 0 1762.632 0 156 86.8 
19.6 14.9 24.9 0 0 0 1.7 0 2130.984 8.8 157 89 
21.4 14.5 28.9 0 0 0 1.9 0 2588.04 1.1 158 87 
21.4 14.3 28.6 0 0 0 1.6 0 2622.924 0 159 88 
20.9 12.3 29 0 0 0 1 0 2703.852 0 160 90.2 
19.4 14 26.9 0 0 0 1.2 0 2024.712 12.4 161 95.1 
19.7 13.2 26.4 0 0 0 1.1 0 2137.5 2 162 91.1 
17.4 13.5 23.7 0 0 0 1 0 1499.652 2.2 163 96.8 
18.6 13.9 25.1 0 0 0 1.1 0 2192.076 0 164 90.4 
20.1 12.4 27.9 0 0 0 1.3 0 2633.508 0.1 165 85.7 
20.4 13.5 28.6 0 0 0 2 0 2401.272 39.9 166 81.7 
16.4 11.6 22.2 0 0 0 1.5 0 2356.812 0 167 94.6 
18.5 10.9 25.7 0 0 0 1.3 0 2765.124 0 168 89.5 
19.2 14.4 25.5 0 0 0 1.8 0 2172.456 3 169 86 
20.7 12.9 28.1 0 0 0 1 0 2827.908 0 170 85.1 
23.3 14.5 29.8 0 0 0 1.2 0 2681.424 0 171 84.1 
20.3 12.6 29.6 0 0 0 1.2 0 1550.952 12.3 172 85.7 
14.9 10.5 19.7 0 0 0 0.9 0 992.88 2.8 173 87.4 
14.9 9.9 20.9 0 0 0 1.3 0 1973.952 4.9 174 87.3 
16.9 8.2 24.2 0 0 0 0.9 0 2743.38 0.1 175 86.5 
19.7 12.1 28.2 0 0 0 2 0 2444.436 10.3 176 85.7 
13.8 11.5 17.3 0 0 0 2.5 0 999.648 6.3 177 87.9 
12 7.3 15.4 0 0 0 1.4 0 1203.48 0.7 178 88.4 
12.4 8.2 19.1 0 0 0 1.3 0 1699.92 1.1 179 88.2 
15 9.7 20.7 0 0 0 1 0 1995.84 0.1 180 87.3 
16.1 11.3 20.7 0 0 0 1.2 0 1577.124 0.1 181 86.9 
17.9 9.8 27.3 0 0 0 1.3 0 2405.7 2 182 86.2 
15.2 13.1 18.2 0 0 0 1 0 389.232 24.7 183 87.3 
15.4 11.8 24 0 0 0 1.3 0 1700.892 4.6 184 83 
13.6 10.2 18 0 0 0 1.8 0 1736.46 7.2 185 79 
11.1 9.2 19.5 0 0 0 1.7 0 2094.12 9.4 186 76 
14.9 8.1 21 0 0 0 1.6 0 2451.24 0.4 187 72 
15.5 7.1 22.5 0 0 0 1.5 0 2809.368 0 188 67.5 
18.2 13.2 24.6 0 0 0 0.8 0 2264.796 1.5 189 74.5 
15.6 11.9 19.4 0 0 0 1.3 0 601.308 5.2 190 89.8 
11.7 8.5 15.2 0 0 0 1.1 0 1090.332 1.3 191 85.2 
13.2 8.7 18.8 0 0 0 1.1 0 1777.284 1.8 192 78.3 
13.8 11 18.1 0 0 0 1.3 0 1144.188 1.3 193 83.7 
16.8 10.5 25.1 0 0 0 0.9 0 1741.932 1.6 194 82.7 
21 11.4 30.1 0 0 0 1.1 0 2706.84 0 195 72.7 
23.9 14 33.5 0 0 0 1.3 0 2722.536 0 196 65.4 
24.6 16.7 34 0 0 0 0.9 0 2604.744 0 197 65.9 
24 15.3 29.7 0 0 0 1.3 0 2536.38 0.4 198 59.7 
21.7 15.7 27.4 0 0 0 1.3 0 2245.752 1.3 199 72.3 
23.1 16 31.6 0 0 0 1.5 0 2517.84 2.4 200 69.9 
23.2 17.4 31.6 0 0 0 1.3 0 2420.748 3.4 201 67.9 
22.1 16.5 28.5 0 0 0 1.3 0 2340.324 48.2 202 72 
17.2 12.2 22.1 0 0 0 1 0 1403.316 23.4 203 84.3 
19.3 11 27.8 0 0 0 1.7 0 2441.52 2 204 72.2 
16.9 11.5 22.2 0 0 0 1.9 0 1541.88 7.9 205 78.1 
16.4 10.4 22.9 0 0 0 1.2 0 2571.552 0 206 71.3 
17.7 9.3 26.4 0 0 0 0.8 0 2520.792 0 207 69.9 
18.6 12.8 25.4 0 0 0 1 0 2084.688 0 208 72.2 
18.6 12.4 24.2 0 0 0 1.2 0 1375.992 0.7 209 74.3 
17.1 14.3 21.9 0 0 0 1.3 0 795.024 8.4 210 89 
13.1 8.6 17.7 0 0 0 1.3 0 1977.66 5.8 211 73.5 
12.4 6.4 18.7 0 0 0 1 0 2277.504 0 212 71.2 
13.6 5.1 22 0 0 0 1 0 2598.228 0 213 66.7 
17 7.1 26 0 0 0 1.3 0 1905.84 0.9 214 71.9 
16.9 12.5 22 0 0 0 0.9 0 1651.104 0.1 215 75.1 
16 8.7 22.9 0 0 0 1 0 2419.848 0 216 67.3 
16.8 7.7 25.1 0 0 0 1.1 0 2572.596 0 217 64.8 
19 9.8 27.7 0 0 0 0.8 0 2523.852 0 218 62.1 
20.8 11.4 29.1 0 0 0 1 0 2352.888 0 219 65.8 
17.4 14.5 20.6 0 0 0 0.6 0 613.116 1 220 88.4 
16 13.7 19.2 0 0 0 1 0 624.816 0.7 221 88 
13.5 12.3 14.7 0 0 0 0.8 0 331.632 21.2 222 93.1 
15.6 13.8 18.3 0 0 0 0.6 0 471.276 9.9 223 93.2 
17.7 13.9 23.7 0 0 0 0.4 0 1587.24 1.4 224 81.4 
17.5 11.7 25 0 0 0 0.8 0 1996.956 0 225 80.3 
18.6 12 26.4 0 0 0 1 0 2072.376 3.8 226 78.2 
20.5 14.2 27.8 0 0 0 1.3 0 1892.484 0 227 78.4 
18.3 14.9 21.9 0 0 0 0.7 0 566.496 2.6 228 84.4 
14.5 10.5 16.8 0 0 0 0.9 0 644.22 9.1 229 89.7 
15 9.4 22.4 0 0 0 0.7 0 2163.132 0 230 78.6 
17.4 10.9 24.4 0 0 0 0.7 0 2059.74 0 231 74.8 
15.4 11.9 18 0 0 0 0.6 0 808.308 9.1 232 87.4 
16.5 14.1 22 0 0 0 0.9 0 1297.836 12.3 233 86.1 
16.5 11.5 23.6 0 0 0 0.7 0 1955.988 0.2 234 81.8 
18.7 13.3 24.4 0 0 0 0.9 0 1744.992 1 235 76.3 
17.1 11 25.2 0 0 0 0.8 0 1934.028 0.1 236 79.2 
18.8 11.4 26.7 0 0 0 0.8 0 1977.588 0 237 74 
19.1 11.8 27.6 0 0 0 0.9 0 2001.168 0 238 75.4 
18.8 11.5 26.3 0 0 0 1 0 2155.356 0 239 72.3 
16.2 10.6 21.4 0 0 0 1.3 0 2037.384 0 240 64.1 
13.2 10.6 15.7 0 0 0 1.1 0 563.544 0.1 241 83.2 
13.8 7.5 19.8 0 0 0 1.2 0 1386.504 0 242 70.9 
12 6.1 17 0 0 0 0.6 0 618.084 4 243 87.3 
14 11.8 17.4 0 0 0 0.8 0 913.536 8.1 244 87 
14.2 11.2 19.7 0 0 0 0.6 0 929.628 0 245 87 
12.5 9.2 16.1 0 0 0 0.7 0 453.996 8 246 93.4 
9.1 5 13.5 0 0 0 1.1 0 1272.564 2.3 247 83.2 
9.7 5.4 13.8 0 0 0 2.4 0 1211.04 5.2 248 74 
9.4 8.3 12.3 0 0 0 1.5 0 167.688 9.9 249 90.4 
12.5 11 14.1 0 0 0 1.6 0 426.096 2 250 86.3 
12.9 11.3 14.8 0 0 0 1 0 408.456 0.2 251 88.7 
12.9 11.2 16.3 0 0 0 1.4 0 736.164 0.6 252 78.2 
11.5 9.6 14.4 0 0 0 1 0 745.092 14.6 253 84.2 
11.2 9.2 15.1 0 0 0 1.1 0 992.988 7.4 254 89.9 
12 7 16 0 0 0 0.5 0 684.72 0 255 89.1 
11.1 4.8 19.8 0 0 0 0.7 0 1564.92 0.1 256 83.7 
12.6 4.6 22 0 0 0 0.9 0 1673.316 0.1 257 82.4 
13 5.7 19.1 0 0 0 1 0 1634.436 0.2 258 76.7 
11.8 3 20.6 0 0 0 0.9 0 1726.236 0 259 79 
16 9.6 23.6 0 0 0 0.9 0 1439.568 0.2 260 82.5 
12.5 7.8 15.6 0 0 0 1.9 0 414.828 13.7 261 89.7 
7.3 2.8 13 0 0 0 1 0 1418.472 0.1 262 81.5 
8.7 3.1 15.7 0 0 0 0.8 0 1432.908 0 263 81.1 
10.6 2.8 19.9 0 0 0 1 0 1606.896 0 264 80 
12.6 5.3 21.9 0 0 0 0.8 0 1535.508 0.1 265 81 
13.7 7.2 23.7 0 0 0 0.7 0 1542.564 0 266 80.3 
14 7.4 22.2 0 0 0 1 0 1514.988 0.1 267 82.4 
10.6 8.4 12.9 0 0 0 0.8 0 315.72 7.6 268 91.6 
9.2 7.5 11 0 0 0 1 0 367.164 11.2 269 92.1 
11.3 8.8 14 0 0 0 1 0 436.5 4.3 270 90.6 
9.5 8.3 10.8 0 0 0 1.9 0 241.92 22.7 271 93 
11.9 7.9 18 0 0 0 1.7 0 1073.556 0 272 77.3 
10.9 5.1 18.5 0 0 0 0.8 0 1197.612 0 273 85.1 
12.4 6.2 20.8 0 0 0 0.6 0 1275.552 0.1 274 83.1 
13.6 8.1 19.4 0 0 0 0.6 0 858.096 0 275 88.7 
15.3 12.6 20.1 0 0 0 0.5 0 631.764 1.2 276 91 
14.2 11.8 16.1 0 0 0 0.5 0 205.308 6.3 277 96.4 
15.2 10.2 19.6 0 0 0 1.2 0 876.636 0 278 80.4 
11.2 6.7 15.7 0 0 0 1.3 0 1005.336 0 279 69.9 
9.1 3.7 16.5 0 0 0 0.6 0 1313.208 0 280 76.7 
7.7 1.3 15.8 0 0 0 0.8 0 1282.932 0 281 83.9 
7.5 2.4 15.4 0 0 0 0.6 0 1105.344 0.1 282 87.8 
8.4 1.8 15.5 0 0 0 1.1 0 1051.884 0.1 283 82.8 
8.7 4.2 15.7 0 0 0 0.7 0 1089.432 0 284 82.5 
7.5 3 12 0 0 0 0.7 0 452.448 0.1 285 90.1 
8.4 2.1 13.4 0 0 0 0.9 0 744.228 0 286 81.6 
5.9 0.3 14.1 0 0 0 0.7 0 1203.552 0 287 78.3 
6.2 -0.5 15.2 0 0 0 0.9 0 1130.652 0 288 79.8 
8.7 3.3 17.2 0 0 0 0.7 0 1053.468 0.1 289 85.8 
8.4 2.6 15.9 0 0 0 0.7 0 719.316 0.8 290 92.6 
7.4 3.3 10.7 0 0 0 2.2 0 731.016 3.2 291 85.1 
3.4 -0.1 6.3 0 0 0 1.7 0 309.168 4 292 91.6 
3.5 -0.1 6.6 0 0 0 1.9 0 726.768 0.4 293 75.4 
3 -0.6 6.5 0 0 0 1.3 0 669.672 0.3 294 82.1 
3.1 0.4 4.9 0 0 0 2.1 0 459.936 0 295 76.2 
3.6 2.5 4.7 0 0 0 2.5 0 93.672 0 296 82.2 
5 2.8 6.9 0 0 0 2.5 0 211.86 0 297 82.7 
7.2 5.9 9.4 0 0 0 2.2 0 340.956 0 298 82.1 
7 1.8 13 0 0 0 1.1 0 821.52 0 299 81.9 
6.9 5.6 8.4 0 0 0 0.6 0 191.412 0 300 89.6 
5.5 1.4 8.1 0 0 0 0.5 0 258.192 0.1 301 91.5 
4.2 -0.1 10.4 0 0 0 0.7 0 548.676 0 302 92.9 
6.1 2 8.4 0 0 0 0.7 0 206.136 0.7 303 94.6 
5.3 0.5 10.5 0 0 0 1.4 0 885.456 0 304 85.2 
2.8 -2.1 10.1 0 0 0 0.8 0 804.096 0 305 90.7 
2.8 -1.8 6.4 0 0 0 0.4 0 233.856 0 306 97.8 
7.6 5.9 9.2 0 0 0 0.6 0 219.132 0.8 307 99.8 
7.6 3.5 9.4 0 0 0 1.6 0 309.708 0.5 308 84.7 
3.2 -1.3 9.8 0 0 0 0.8 0 778.896 0 309 83.8 
3.2 -0.8 7.3 0 0 0 2.4 0 298.188 10 310 90.8 
3.7 2.4 5.2 0 0 0 3.1 0 68.436 21 311 92.7 
6.6 5.2 8.8 0 0 0 1.9 0 248.868 13.6 312 91.9 
4.3 1.3 8.1 0 0 0 5 0 242.856 4.2 313 92.4 
1.6 0.5 2.6 0 0 0 4.6 0 132.372 3.7 314 98.4 
3 0.1 7.6 0 0 0 3.7 0 139.716 15.8 315 98.2 
2.2 -0.1 4.7 0 0 0 4.3 0 263.088 5.1 316 93.3 
2 0.4 4.2 0 0 0 4.2 0 250.272 1.5 317 95.7 
0.6 -0.5 2.5 0 0 0 1.6 0 197.712 3.6 318 98.3 
-0.6 -2.4 1.9 0 0 0 1.7 0 421.38 0 319 91.6 
-1.3 -3.1 1.1 0 0 0 0.9 0 362.772 0 320 90.7 
-1.3 -2.4 -0.7 0 0 0 0.4 0 135.144 0.3 321 96.9 
-0.5 -1.4 1.4 0 0 0 0.3 0 248.436 0 322 99.5 
0.1 -2.7 4.4 0 0 0 0.4 0 381.384 0 323 97 
-0.8 -1.7 -0.1 0 0 0 1 0 154.908 0 324 96.4 
-0.3 -1.5 3.1 0 0 0 1.2 0 378 0 325 92.1 
0.2 -1.3 3.3 0 0 0 0.7 0 257.004 0 326 95.6 
1.5 -0.9 4.8 0 0 0 0.7 0 363.852 0.1 327 94.6 
3 1.6 4.6 0 0 0 0.7 0 102.96 0.3 328 97.8 
1.8 -0.1 3.2 0 0 0 1.7 0 87.588 11.8 329 96.1 
1.2 0.6 2.4 0 0 0 3.5 0 255.096 3.1 330 86.4 
0.6 -2.2 3 0 0 0 1.9 0 413.712 1.9 331 90.1 
-1.9 -3.4 0.1 0 0 0 0.7 0 229.068 0 332 95.6 
-2.8 -5.1 -1.3 0 0 0 1.1 0 59.292 0 333 94.9 
-0.1 -1.4 1.2 0 0 0 0.7 0 176.904 5.8 334 96.8 
2.8 0.5 4.8 0 0 0 0.6 0 198 1.6 335 98.5 
5.1 0.6 9.8 0 0 0 1.5 0 169.488 1.1 336 88.9 
5.6 3.7 7.7 0 0 0 3.2 0 94.068 9.3 337 85.3 
3.1 1.4 4.2 0 0 0 1.1 0 133.92 3.8 338 89.4 
3.5 2.3 4.8 0 0 0 1 0 109.368 1.7 339 96.5 
5.4 3.6 9.1 0 0 0 1.1 0 231.48 10.9 340 95.6 
7.6 2.6 12 0 0 0 1.8 0 72.324 23.1 341 90.4 
2.9 0.7 5 0 0 0 1 0 154.044 0 342 92.9 
2.6 0.5 4.4 0 0 0 1.1 0 68.472 7.1 343 93.5 
2.4 0.1 4.1 0 0 0 0.7 0 93.996 1.8 344 98.2 
3.7 1.8 5 0 0 0 1 0 129.744 1 345 94.7 
3.2 2.5 3.9 0 0 0 2.5 0 112.608 0.7 346 86.5 
2 -1.4 4.6 0 0 0 2.3 0 353.196 0 347 76 
-0.5 -2 0.8 0 0 0 1.8 0 249.984 0 348 72.1 
-1.8 -3.9 -0.6 0 0 0 1.8 0 256.356 0 349 72.1 
-1.7 -2.7 -0.5 0 0 0 2.6 0 190.116 0 350 77.5 
-2.2 -4.9 1 0 0 0 1.5 0 400.032 0 351 70.7 
-2.4 -5 1.4 0 0 0 1.3 0 347.904 0 352 75.9 
-3.7 -6.8 1.3 0 0 0 0.7 0 501.696 0 353 88.3 
-6.4 -9.9 -3 0 0 0 0.5 0 325.8 0 354 93.8 
-7.6 -11.1 -5.2 0 0 0 0.5 0 115.236 0 355 92.9 
-5.6 -5.9 -5.3 0 0 0 0.9 0 46.152 0 356 94.4 
-5.9 -6.1 -5.7 0 0 0 0.4 0 48.348 0 357 94.1 
-4.9 -7.1 -3.5 0 0 0 0.2 0 47.484 0 358 94.9 
-3.7 -5.9 -2.7 0 0 0 0.7 0 51.552 0 359 95.9 
-3.6 -4.5 -3 0 0 0 1.4 0 77.184 0 360 93 
-2.1 -3.4 -1 0 0 0 0.4 0 83.34 0 361 91.6 
-1.9 -3.4 -1.1 0 0 0 1.1 0 99.432 0 362 91.9 
-4 -5.5 -2.1 0 0 0 2.1 0 216.108 0.4 363 93 
-2.2 -4.1 0 0 0 0 0.5 0 113.112 6.8 364 93.7 
0.6 -0.6 2.1 0 0 0 1.3 0 311.004 1.4 365 92.4 
