Tp_av	Tpmin	Tpmax	T_s10	T_s20	vappd	wind	sundu	radia	prec	tagesnummer	RF
C_deg	C_deg	C_deg	C_deg	C_deg	mm_Hg	m/se	hours	J/cmı	mm	jday	%
50	-----	-----	-----	-----	-----	2m	-----	------	--	0	0
6.6	5.1	7.9	0	0	0	4.7	0	176.76	7.32	1	87.58
4.525	3.4	6.1	0	0	0	3.4	0	182.16	3.05	2	93.0208
5.1375	2.8	7.3	0	0	0	3.2	0	164.88	6.71	3	93.6041
7.5291	6.3	8.5	0	0	0	4.7	0	121.32	7.56	4	89.2708
7.5083	5.9	8.8	0	0	0	3.9	0	98.64	6.47	5	92.625
7.2041	4.6	8.9	0	0	0	1.3	0	176.04	10.49	6	93.6958
6.3958	3.6	8.2	0	0	0	2.9	0	96.84	2.07	7	91.3666
7.6041	6.7	8.8	0	0	0	3.9	0	174.24	7.81	8	84.2166
12.2916	9	13.4	0	0	0	5.8	0	104.76	0	9	73.975
10.55	5.9	13.2	0	0	0	5.8	0	77.04	17.69	10	77.1083
6.2375	3.6	9.3	0	0	0	7	0	34.2	15.62	11	79.5166
8.9916	7.2	12.1	0	0	0	6.1	0	197.28	0.24	12	75.9833
11.1	9.7	12	0	0	0	5.6	0	174.6	1.59	13	80.6833
6.9166	4	10.1	0	0	0	5.3	0	334.08	0	14	75.8791
4.9291	3.4	8	0	0	0	2.7	0	316.44	0.85	15	86.85
6.4291	3.3	8.4	0	0	0	3.3	0	68.04	0.73	16	92.1791
8.8833	7.6	11.4	0	0	0	4.6	0	124.56	17.57	17	84.3958
7.8125	6.1	11.5	0	0	0	6.3	0	37.44	40.63	18	86.1333
8.0041	5.7	9.3	0	0	0	4.9	0	110.52	3.66	19	77.5583
9.0541	6.5	12.3	0	0	0	5.3	0	108	5.49	20	81
4.8291	2.4	6.5	0	0	0	5	0	213.84	15.74	21	85.3125
0.8666	-4.1	3.3	0	0	0	1.9	0	306.36	0	22	84.9791
-3.825	-6	-0.7	0	0	0	0.1	0	384.84	0	23	84.5833
-3.6375	-6.1	-2.2	0	0	0	0.2	0	114.84	0	24	97.3041
-2.6583	-5.3	-0.6	0	0	0	0.6	0	455.4	0	25	77.9958
-0.0458	-2.7	2.3	0	0	0	3.7	0	93.96	8.05	26	88.2375
1.9	0.6	3.6	0	0	0	2.2	0	391.32	0.24	27	89.9791
5.0625	2.5	7.6	0	0	0	4.8	0	83.88	5.73	28	90.1666
6.3875	3.4	8.2	0	0	0	2.2	0	314.64	0	29	80.9375
6.9291	4.7	8.7	0	0	0	2.7	0	222.48	0	30	86.7583
6.1	4.7	7.5	0	0	0	4.7	0	227.16	4.27	31	83.3833
6.3708	4.7	8.1	0	0	0	1.7	0	149.76	0.74	32	96.4916
6.65	5	8.5	0	0	0	3.1	0	131.4	0	33	93.9875
6.8541	5.1	8.1	0	0	0	1.5	0	166.68	0	34	87.4916
4.8916	1.9	6.5	0	0	0	1.7	0	295.92	0	35	89.2291
2.0333	0.4	4.5	0	0	0	1.7	0	160.2	3.08	36	95.4333
0.6625	-1.4	5.2	0	0	0	1.4	0	585	0	37	90.3583
-1.0458	-3	2.7	0	0	0	0.4	0	392.76	0	38	95.1541
-1.7541	-4.9	0.2	0	0	0	3.2	0	143.28	8.12	39	95.65
0.4833	-0.1	1.6	0	0	0	1	0	79.2	0	40	96.8208
-1.2041	-1.9	-0.2	0	0	0	6.1	0	136.08	4.8	41	90.4791
1.9875	-1.2	6	0	0	0	3.2	0	194.4	6.89	42	95.4416
6.3666	5	7.6	0	0	0	1.6	0	182.88	18.2	43	94.6666
6.5833	5.5	7.1	0	0	0	3.1	0	115.92	7.26	44	94.7458
4.9416	3.7	6.6	0	0	0	1.6	0	210.96	8.36	45	92.2583
5.2625	3.2	9.7	0	0	0	0.6	0	439.56	0	46	89.15
4.6	2.2	8.6	0	0	0	4.8	0	697.32	0	47	80.9833
5.3916	2.6	9.1	0	0	0	3.7	0	693	0	48	75.1833
3.7083	0.5	6.5	0	0	0	0.3	0	411.84	0	49	88.6666
2.1833	-1.6	6.2	0	0	0	0.1	0	535.68	0	50	83.4875
4.975	1.6	7.7	0	0	0	0.8	0	288	0	51	87.5166
7.1416	5.5	10.3	0	0	0	2.3	0	263.16	6.4	52	88.3083
7.5041	4.5	9.9	0	0	0	2	0	537.48	0	53	84.95
7.75	6.1	10.7	0	0	0	3.4	0	429.48	3.08	54	84.2791
7.8958	5.7	10.6	0	0	0	3.4	0	398.52	9.59	55	90.2416
6.9541	5.3	7.9	0	0	0	2.9	0	206.64	9.22	56	92.0958
6.0625	4.6	7.4	0	0	0	3.2	0	159.48	2.71	57	93.275
4.9458	3.1	8.3	0	0	0	3.2	0	559.44	6.76	58	84.8875
8.6083	7.2	9.5	0	0	0	4.5	0	441.72	15.74	59	83.2291
7.0875	4.4	10.6	0	0	0	4.7	0	745.56	10.95	60	83.0833
4.6958	0.9	7.3	0	0	0	3.1	0	355.68	4.88	61	87.6583
2.6708	1	4.7	0	0	0	1.7	0	146.52	2.26	62	94.4916
5.9541	2.6	8.6	0	0	0	2	0	494.28	1.67	63	88.925
8.1916	6	12.5	0	0	0	3.9	0	634.32	1.19	64	74.2541
8.5208	6.2	10.3	0	0	0	4	0	299.16	7.14	65	77.3333
8.2166	7.1	11.1	0	0	0	2.7	0	352.44	9.64	66	90.2041
7.1333	3.1	11.1	0	0	0	1.7	0	575.64	0.12	67	85.4125
5.625	3.1	8.5	0	0	0	1.5	0	297.72	4.76	68	93.0625
5.8916	1.2	10.3	0	0	0	2.1	0	854.28	0	69	83.4625
9.0125	4.9	14.7	0	0	0	2.6	0	1254.6	0	70	80.0375
9.55	3.9	16.5	0	0	0	1	0	1303.92	0	71	70.7083
7.775	2.2	15.4	0	0	0	0.4	0	1170	0	72	78.9791
6.1416	1	12.5	0	0	0	0.7	0	928.08	0	73	83.7166
5.5708	0.5	12.5	0	0	0	0.8	0	1023.48	0	74	86.0708
7.3833	3.5	11.2	0	0	0	2.7	0	506.16	2.62	75	80.8083
8.6458	6.5	10.9	0	0	0	4.4	0	441	9.04	76	88.8833
5.9125	1.5	9.2	0	0	0	6.4	0	687.6	13.09	77	81.7333
2.05	0.4	5.5	0	0	0	2.5	0	756	2.26	78	90.6041
3.6208	-0.2	8.3	0	0	0	0.9	0	1092.24	3.09	79	81.2708
2.9458	0.6	6.6	0	0	0	0.8	0	632.16	0.59	80	84.075
4.9291	2.3	7.2	0	0	0	1.5	0	344.88	1.07	81	77.25
6.4208	3.1	10.9	0	0	0	4.1	0	903.24	1.19	82	70.4416
8.9958	5.1	14.2	0	0	0	3.3	0	1033.2	0	83	74.5291
10.0708	5.4	15	0	0	0	4.9	0	1535.04	0	84	58.425
10.6083	5.3	16.5	0	0	0	4.5	0	1537.92	0	85	57.1875
10.1791	4.8	16.1	0	0	0	4.3	0	1549.44	0	86	54.9333
10.5791	5.2	17.3	0	0	0	2.4	0	1558.44	0	87	60.5125
9.8291	4.8	15.8	0	0	0	1.6	0	1355.76	1.19	88	71.2291
9.2458	2.8	15.3	0	0	0	1.5	0	1435.32	0	89	74.0416
10.2291	3.6	16.6	0	0	0	2.8	0	1499.04	0	90	65.925
11.0875	4.4	17.7	0	0	0	3.3	0	1664.28	0	91	56.2458
10.1583	3.7	17.6	0	0	0	1.6	0	1580.4	0	92	63.775
6.3833	3.2	9.8	0	0	0	1.7	0	578.52	0	93	72.8791
5.7125	-1.1	11.8	0	0	0	0.6	0	1817.64	0	94	65.2875
8.5833	1.5	15.5	0	0	0	2	0	1293.12	0	95	77.4166
7.3125	1.8	12.1	0	0	0	0.5	0	756.72	0	96	81.2583
7.8625	2	12.8	0	0	0	0.7	0	1196.64	0	97	75.35
10.175	5.7	14.9	0	0	0	2.8	0	1483.2	0	98	64.8416
10.4041	5.8	13.4	0	0	0	3.6	0	915.48	0	99	70.9625
12.1458	9.5	15	0	0	0	3.3	0	688.68	0	100	75.225
12.3875	7.9	15.6	0	0	0	1.6	0	790.56	0	101	71.7291
12.4416	4.3	19.7	0	0	0	2.4	0	1829.88	0	102	69.6083
15.5791	9.1	22.1	0	0	0	3.7	0	1400.4	0	103	62.5541
17.7916	9.8	26.1	0	0	0	3.5	0	2013.12	0	104	51.4083
18.6416	9.8	26.9	0	0	0	2.7	0	2062.44	0	105	44.0541
18.5666	10.1	27.6	0	0	0	0.7	0	1986.84	0	106	53.7791
10.175	6.1	13.7	0	0	0	1	0	1202.04	0	107	69.8541
7.9	2.2	13.2	0	0	0	1.3	0	1851.84	0	108	68.4791
9.8083	1.9	18.1	0	0	0	3	0	1901.16	0	109	66.8041
5.9708	1.2	9.1	0	0	0	0.8	0	898.56	0	110	63.2
6.6416	-1.4	13.5	0	0	0	0.7	0	1902.6	0	111	61.425
12.7041	3.9	22.1	0	0	0	1.6	0	2082.6	0	112	51.9833
15.225	4.2	23.9	0	0	0	1.4	0	1758.24	0.55	113	61.2541
16.5625	12.6	21.2	0	0	0	0.6	0	1306.8	0	114	74.9625
19.6666	11.9	27.2	0	0	0	2.2	0	1936.08	0	115	63.775
20.0666	11.9	27.8	0	0	0	1.4	0	2122.56	0	116	57.3708
18.3208	8.1	26.5	0	0	0	1.4	0	2188.8	0	117	58.8625
17.5875	9.4	25.9	0	0	0	1.3	0	2153.52	0	118	59.3333
12.6625	7.5	18.3	0	0	0	3.5	0	2376.72	0	119	50.7125
11.975	2.9	19.3	0	0	0	2.8	0	2394.36	0	120	52.525
12.2208	5.3	19.3	0	0	0	2.4	0	2423.52	0	121	52.625
12.5458	2.3	20.9	0	0	0	0.6	0	2387.16	0	122	57.6666
14.8166	7.4	21.5	0	0	0	1.1	0	2204.64	0	123	58.4458
14.625	7	22	0	0	0	0.9	0	2316.24	0	124	58.7083
14.1666	7.5	21.5	0	0	0	0.7	0	2410.56	0	125	63.0625
13.3666	6.8	21.2	0	0	0	1.4	0	1991.16	8.93	126	64.3541
11.1666	9.6	14.2	0	0	0	0.8	0	587.52	6.83	127	92.2583
11.5166	8.5	15	0	0	0	3.3	0	1531.44	0.95	128	77.7833
12.1125	8.7	15.3	0	0	0	1.8	0	1576.44	5.67	129	74.6541
13.05	9.8	17.1	0	0	0	3.2	0	1599.84	7.56	130	76.5125
10.8333	8.6	12.5	0	0	0	2	0	603.36	19.95	131	91.2208
11.825	8.5	15.2	0	0	0	1.8	0	1023.84	12.92	132	84.7791
15.4291	10.2	19.1	0	0	0	1.9	0	1486.08	2.63	133	76.8083
15.0208	10.4	18	0	0	0	2.7	0	1774.44	0.53	134	67.6375
11.7833	8.6	15.4	0	0	0	0.9	0	2114.28	2.1	135	66.3125
9.5333	5	11.6	0	0	0	1.3	0	611.28	11.76	136	89.575
8.4791	3.1	12.9	0	0	0	0.3	0	1628.64	0	137	72.3333
13.9375	3.3	21	0	0	0	2	0	1910.52	3.78	138	71.8958
15.5375	8.9	19.2	0	0	0	1.7	0	1986.12	0	139	71.6125
15.8916	8.5	21	0	0	0	1.8	0	1799.28	0	140	70.225
18.9166	14	23.9	0	0	0	0.7	0	1842.48	0	141	78.7416
15.8291	11	20.7	0	0	0	0.4	0	1524.24	0	142	77.8791
15.2875	7.3	21.8	0	0	0	0.2	0	2677.32	0	143	62.6083
17.825	8.4	24.9	0	0	0	0.6	0	2526.48	4.62	144	59.0166
17.5375	12.7	22.7	0	0	0	0.2	0	1374.48	1.58	145	76.3958
13.7666	11.3	17.3	0	0	0	0.3	0	766.8	1.47	146	83.4416
15.9166	12	20.3	0	0	0	1.7	0	1233.72	1.89	147	86.8083
13.7458	8.9	16.7	0	0	0	0	0	1008.72	0	148	83.45
11.0583	9.4	12.5	0	0	0	1.6	0	412.92	8.93	149	91.9958
13.3875	7.1	18.6	0	0	0	1.8	0	2713.32	0	150	57.9
14.8333	11.2	17.5	0	0	0	1.2	0	1656.72	2.1	151	73.275
17.5458	11.5	22.8	0	0	0	1.2	0	2202.48	0	152	62.9875
18.075	12.3	22.7	0	0	0	0.7	0	2090.88	0	153	66.275
16.4916	13.5	21.6	0	0	0	1.2	0	1445.4	0	154	77.1583
17.6083	13.9	21.1	0	0	0	0.7	0	1308.96	0	155	72.7333
17.7833	14.2	22.5	0	0	0	0.7	0	2270.88	0	156	75.2
18.6291	13.4	24.4	0	0	0	0.5	0	2043	0	157	72.9541
22.3416	15	28.3	0	0	0	1.2	0	2144.88	0	158	68.9166
24.7291	18.3	30.7	0	0	0	2.3	0	2662.56	0	159	61.9416
22.8458	17.4	29.4	0	0	0	1	0	2021.4	3.99	160	69.1916
21.9583	16.2	28.5	0	0	0	0.5	0	2481.84	0	161	71.5
22.125	13.9	29.9	0	0	0	0.2	0	2582.64	0	162	61.0333
18.7166	15.5	23.4	0	0	0	1	0	1698.84	0	163	77.7916
18.3625	15.3	22.7	0	0	0	1	0	1549.08	0.21	164	79.5416
18.1625	13.6	24	0	0	0	0.8	0	1538.64	14.7	165	81.4791
18.2458	15.5	23.1	0	0	0	1.1	0	1083.96	2.1	166	88.0541
16.8166	12.6	21.2	0	0	0	1.2	0	1627.2	1.58	167	81.2416
16.2041	12.3	21.1	0	0	0	1.3	0	1548.72	2.31	168	76.5458
15.7625	12.5	18.8	0	0	0	0.1	0	815.4	0	169	89.4625
18.6666	13.1	24.3	0	0	0	0.4	0	2700	0	170	69.8375
20.0333	14.7	25.9	0	0	0	1.1	0	1686.6	0	171	69.5208
16.0083	13.1	19.7	0	0	0	0.3	0	859.68	5.67	172	83.8708
16.1083	13	21.2	0	0	0	0.5	0	1488.6	2.31	173	79.7333
15.8666	13.7	20.1	0	0	0	0.9	0	1391.4	15.33	174	84.2041
16.8375	13.9	21.5	0	0	0	1	0	1767.96	1.89	175	76.9166
16.0791	10	20.5	0	0	0	0.8	0	955.8	8.4	176	86.3208
12.5125	10.2	14.3	0	0	0	2.3	0	989.64	4.51	177	84.6166
12.8416	9.4	16.5	0	0	0	2.3	0	1531.08	1.99	178	70.625
13.7458	7.7	18.1	0	0	0	1.5	0	1811.52	0	179	70.9875
13.7375	9.8	16.7	0	0	0	1.5	0	923.04	4.2	180	85.2708
15.3625	10.8	19.5	0	0	0	1	0	1343.52	0.53	181	75.3458
18.8375	14.5	24.3	0	0	0	0.7	0	1590.12	1.05	182	79.475
17.3208	13.5	22.3	0	0	0	0.6	0	1553.76	3.99	183	84.35
14.5208	12	18.1	0	0	0	1.1	0	1141.2	12.39	184	85.625
13.9333	11.6	17.6	0	0	0	0.6	0	1130.76	4.62	185	87.2
15.5	11.9	20.5	0	0	0	0.7	0	1477.8	1.37	186	81.1875
13.8	12.2	16.7	0	0	0	2.1	0	962.64	18.27	187	89.2583
15.4791	11.3	20.1	0	0	0	1.9	0	1693.08	1.37	188	78.0208
16.3708	9.5	22	0	0	0	0.7	0	2508.48	2.1	189	66.2833
13.5666	11	18.8	0	0	0	0.1	0	1385.64	8.82	190	81.8333
13.6583	10.4	18.7	0	0	0	0.2	0	1641.96	8.4	191	82.325
13.1958	10.9	14.6	0	0	0	0.7	0	507.96	6.83	192	92.3833
15.9708	13	19.7	0	0	0	1	0	1173.24	1.58	193	79.7875
19.3208	15.2	24	0	0	0	0.8	0	1686.96	0	194	76.5458
22.2083	14.3	28.5	0	0	0	0.9	0	2081.88	0	195	68.4958
22.3583	12.8	31	0	0	0	0.5	0	2120.04	0	196	73.6625
24.6958	16.6	31	0	0	0	0.2	0	2419.92	1.26	197	65.3833
19.5916	12.3	24.6	0	0	0	0.9	0	2059.56	0	198	68.7125
17.9125	11.2	24.5	0	0	0	0.4	0	2082.6	4.62	199	70.8791
18.5666	9.5	24.8	0	0	0	0.1	0	2263.32	0	200	66.0541
18.6958	14.6	24.9	0	0	0	0.6	0	1436.04	54.6	201	79.5375
18.4708	13.2	23.9	0	0	0	0.3	0	2493.36	6.2	202	68.2791
15.8791	11.3	21.2	0	0	0	0.1	0	1616.76	1.99	203	80.8333
15.7208	8.3	20.6	0	0	0	0.4	0	1402.56	2.63	204	77.2125
15.2875	12.3	19.8	0	0	0	0.8	0	1072.44	8.93	205	86.7083
17.1291	11.4	22.9	0	0	0	0.6	0	1949.76	0.21	206	72.9666
18.2166	12.3	23.6	0	0	0	0.4	0	1259.64	4.2	207	80.0833
16.9083	12.2	21.1	0	0	0	1	0	1491.48	2.1	208	73.65
15.4416	10.9	20.6	0	0	0	0.5	0	1237.32	5.25	209	79.8166
12.9	9.4	15.3	0	0	0	0.1	0	605.16	8.72	210	91.7083
12.4708	8.6	16.2	0	0	0	1	0	1512.72	2.21	211	80.7083
13.2541	8.3	17.6	0	0	0	0.5	0	1501.56	1.37	212	80.5125
15.825	7.9	22.6	0	0	0	0.1	0	2409.84	0	213	68.1416
15.3583	11.8	18.9	0	0	0	0.1	0	712.8	0	214	83.5833
16.0041	10	21.8	0	0	0	0.2	0	1914.84	0	215	70.6083
17.9833	8.5	26.3	0	0	0	0.4	0	2259.36	0	216	68.9666
21.4125	11	29	0	0	0	0.8	0	2310.84	0	217	60.825
22.9916	15.9	30.2	0	0	0	0.8	0	2395.44	0.73	218	59.1125
17.1	14.6	19.2	0	0	0	0.1	0	389.16	0.53	219	90.6958
14.1583	13.4	14.6	0	0	0	0.6	0	307.08	2.73	220	93.7833
18.3375	14.6	22.8	0	0	0	0.3	0	1009.44	0	221	88.4666
18.8916	14.6	24.6	0	0	0	0.3	0	1420.56	0	222	83.4958
15.95	9.5	21.2	0	0	0	0.6	0	1937.88	0	223	73.3958
16.8416	8.6	24.4	0	0	0	0	0	1859.4	1.99	224	71.5208
17.5916	12.6	22.9	0	0	0	0.8	0	1788.84	0	225	75.3416
19.7708	12.6	25.4	0	0	0	0.8	0	1895.04	6.3	226	62.4666
21.2791	17.3	26.4	0	0	0	1.3	0	1288.8	1.37	227	74.5916
16.525	11	19.1	0	0	0	0.9	0	1052.28	2.1	228	81.4833
13.9791	9.6	19.7	0	0	0	0.4	0	1255.32	0	229	77.3541
15.55	8.6	21.6	0	0	0	0.2	0	1833.84	0	230	71.6208
16.4625	12.4	20.6	0	0	0	0.2	0	840.6	0	231	79.5791
16.3541	11.2	21.5	0	0	0	0.4	0	1289.88	0	232	82.1625
15.525	10.6	18.2	0	0	0	0.4	0	313.92	25.62	233	94.2916
17.65	12.9	22.3	0	0	0	0.7	0	1198.44	0	234	81.5208
17.9833	11.3	25.1	0	0	0	0.1	0	1724.76	0	235	76.8333
19.7625	13	26.6	0	0	0	0	0	1832.4	5.04	236	76.05
18.2541	13.1	23.3	0	0	0	0.4	0	1298.52	0	237	80.75
16.7208	11	22.3	0	0	0	0.3	0	1509.48	0	238	78.0541
13.4583	8.1	17.7	0	0	0	0.2	0	863.28	0.42	239	78.0708
12.9916	6.8	18.6	0	0	0	0.1	0	1647	0	240	71.7541
11.625	5.3	18	0	0	0	0.1	0	1387.44	0	241	75.175
12.7041	6.8	16.4	0	0	0	0.7	0	602.64	3.57	242	88.5916
14.2208	11.8	17.6	0	0	0	0.5	0	674.28	4.62	243	89.7375
14.1208	9.4	19	0	0	0	0.1	0	1091.52	3.57	244	81.8791
15.2666	11.2	20	0	0	0	0.7	0	743.04	13.97	245	84.8
13.3875	8.7	17	0	0	0	0.2	0	1509.12	3.46	246	77
11.2958	6.7	17.1	0	0	0	0.2	0	1515.6	1.26	247	73.925
12.0958	5.8	16.8	0	0	0	0.1	0	1251	0.32	248	74.8625
15.7958	11.8	20.9	0	0	0	0.1	0	1496.52	0.53	249	77.3791
15.9333	13.6	20.6	0	0	0	0.2	0	1088.28	0.63	250	79.6916
14.7083	12.4	17.5	0	0	0	0.3	0	581.76	1.37	251	91.3916
13.45	12.2	15.4	0	0	0	0.2	0	663.12	0.63	252	81.9833
12.8041	11	16.7	0	0	0	0.8	0	871.2	7.88	253	87.05
13.1708	10.8	16.9	0	0	0	0.2	0	658.08	0	254	90.3958
13.1958	7.9	17.6	0	0	0	0.2	0	657.72	0.53	255	88.4083
11.95	5.5	15.7	0	0	0	0	0	680.76	0	256	78.6625
11.5875	4.5	18.1	0	0	0	0.5	0	977.4	0.73	257	86.4041
11.7916	7	17.2	0	0	0	0.3	0	1463.76	0	258	75.4833
14.6958	6.8	20.7	0	0	0	0.6	0	1355.04	0	259	75.8166
13.8541	11.5	16.5	0	0	0	0.2	0	286.2	10.19	260	91.5916
10.5833	6.5	14.8	0	0	0	0.2	0	1166.04	0.63	261	81.9041
11.1666	5.8	16.2	0	0	0	0.9	0	1349.28	0	262	72.2666
13.9833	12	15.8	0	0	0	1.2	0	510.84	1.16	263	83.8166
15.2583	11.8	19.1	0	0	0	0.6	0	743.04	0	264	80.0041
13.2666	8.8	19.2	0	0	0	0.1	0	639.72	0	265	86.6083
14.5041	6.1	23.2	0	0	0	0	0	1244.52	0	266	80.0791
15.2666	10.1	22	0	0	0	0.9	0	1042.2	1.89	267	80.0208
11.4291	8.2	16.5	0	0	0	0.6	0	1049.76	4.09	268	84.9958
10.5916	5.7	15.3	0	0	0	0.1	0	993.24	0	269	82.8458
11.3291	6	15.7	0	0	0	0.8	0	762.12	15.23	270	83.1125
13.475	12	14.9	0	0	0	0.5	0	256.68	12.6	271	93.2458
11.9958	10.7	13.3	0	0	0	0.8	0	253.8	10.19	272	94.3458
10.9833	6	15	0	0	0	0.9	0	412.92	0.53	273	90.9083
9.7666	4	14.6	0	0	0	0	0	650.16	0	274	87.4958
11.1333	5.9	15.2	0	0	0	0.1	0	477.36	0	275	84.0833
11.5083	5.2	16.7	0	0	0	0.5	0	578.16	14.7	276	90.7833
13.2666	6.3	16.7	0	0	0	0.2	0	509.4	0	277	89.5916
9.6291	5	15.8	0	0	0	0	0	699.48	0	278	86.9916
7.8875	3.2	15.1	0	0	0	0.1	0	584.28	0	279	89.4875
7.6666	1.4	16.6	0	0	0	0.1	0	1050.84	0	280	82.1208
8.5833	2.8	14.3	0	0	0	0	0	419.76	0	281	90.425
9.925	5.8	14	0	0	0	0.2	0	568.8	0	282	80.8458
8.9708	3.1	14.1	0	0	0	0.1	0	457.92	0	283	86.25
8.6916	1.3	15.3	0	0	0	0.1	0	814.32	0.21	284	84.6958
12.175	5.1	16.1	0	0	0	0.4	0	552.6	0	285	85.1583
8.5208	2.9	14.8	0	0	0	0	0	791.28	0	286	83.5916
8.2791	3.3	17	0	0	0	0.1	0	961.2	0	287	79.9416
10.5791	1.6	18.1	0	0	0	0.2	0	896.04	0	288	80.9916
13.0833	9	17.9	0	0	0	0.4	0	687.96	0	289	81.6291
11.55	7.7	14.4	0	0	0	0.3	0	173.88	7.88	290	92.2375
7.775	5.6	11.8	0	0	0	0.3	0	677.52	1.26	291	84.9458
6.4041	-0.1	10.8	0	0	0	0.3	0	622.08	0	292	78.2125
4.5041	-1.5	9.4	0	0	0	0	0	693.36	0	293	81.0041
7.2625	2.1	11.3	0	0	0	1.2	0	491.4	1.05	294	84.275
2.5166	0.2	8	0	0	0	1.6	0	685.08	0	295	86.3083
4.8958	-0.6	10.2	0	0	0	1.6	0	792.36	0	296	79.0333
8.2833	6.8	9.4	0	0	0	2.3	0	201.96	0	297	79.9708
7.9041	7.2	8.8	0	0	0	2.1	0	138.6	0	298	86.8375
7.5041	6.9	8.1	0	0	0	1.5	0	186.48	0	299	88.1625
7.7416	6.9	9.3	0	0	0	0	0	187.56	0	300	88.2166
9.3708	7.2	12.3	0	0	0	2.1	0	361.08	2.52	301	74.6041
8.2375	7.6	9.2	0	0	0	1.3	0	97.92	9.45	302	94.8458
7.925	3.7	12.2	0	0	0	0.6	0	611.64	0	303	88.2458
7.65	2.2	11.5	0	0	0	1.6	0	387.72	0	304	84.7416
11.3458	10	12.9	0	0	0	1.8	0	185.04	0	305	90.9083
12.5708	11.6	13.8	0	0	0	0.7	0	149.4	2.6	306	95.8541
11.0166	8.2	12.6	0	0	0	1.5	0	191.88	2.71	307	93.8875
9.0083	7.4	11	0	0	0	0.4	0	250.92	0	308	84.1791
8.4666	7.3	10.1	0	0	0	1.7	0	199.44	5.07	309	83.2833
6.7083	5.3	8.9	0	0	0	2.4	0	421.56	3.42	310	78.575
8.3916	6.4	10.1	0	0	0	3.9	0	188.28	6.25	311	88.8416
8.7833	6	10.8	0	0	0	3.3	0	216.36	7.91	312	88.8541
4.2708	2.4	7.2	0	0	0	3.4	0	303.84	8.26	313	82.725
4.4	3.1	5.9	0	0	0	1.4	0	327.6	15.1	314	92.6833
4.6833	1.3	9.4	0	0	0	2.1	0	236.88	17.58	315	91.3541
3.8541	2.4	4.9	0	0	0	1.6	0	121.32	20.18	316	93.4041
4.0958	1.7	6	0	0	0	2	0	207.36	1.42	317	91.5875
1.6791	-0.1	4.4	0	0	0	0.5	0	314.64	0.12	318	85.6916
1.0166	-1.6	4.2	0	0	0	0.1	0	455.04	0	319	86.9958
4.275	2	6.8	0	0	0	1.5	0	232.2	0	320	85.8666
4.0833	2.1	5.6	0	0	0	1.2	0	75.24	0	321	94.625
3.975	0	6.9	0	0	0	1.8	0	200.16	0	322	87.6166
3.0583	1.1	4.3	0	0	0	3.1	0	199.08	0.35	323	86.3625
5.7208	3.5	9	0	0	0	2.8	0	280.8	0	324	79.8791
7.4	3.6	10.6	0	0	0	2	0	145.44	0	325	78.0291
7.7458	4.2	12	0	0	0	0.8	0	343.08	0	326	89.9375
5.3291	1.6	7.4	0	0	0	0.7	0	101.52	0.12	327	91.1208
2.9083	-1.1	6.2	0	0	0	1.9	0	310.68	0.35	328	87.8875
4.625	1.8	7.1	0	0	0	3.3	0	218.88	5.07	329	88.5041
1.8333	0.5	3.9	0	0	0	1.8	0	248.76	7.32	330	92.425
3.0041	1.2	5.6	0	0	0	1	0	176.04	0.24	331	91.9708
4.3	1.7	6.1	0	0	0	2	0	119.88	0	332	84.0708
4.8791	3	6.2	0	0	0	3.5	0	57.96	2.83	333	87.7708
6.0625	4	8.4	0	0	0	3.4	0	130.32	2.01	334	93.0958
8.3041	7	9.7	0	0	0	5	0	237.96	5.55	335	75.9166
7.6791	6.3	9.4	0	0	0	5	0	118.08	16.87	336	84.1125
5.4166	3.8	6.7	0	0	0	4.7	0	137.16	22.54	337	87.6
5.4083	3	8	0	0	0	2.5	0	246.6	2.71	338	89.2416
10.7	7.2	13	0	0	0	3.8	0	141.12	2.12	339	84.3
9.4958	8.5	11.5	0	0	0	3.7	0	93.24	8.14	340	87.8666
8.5541	4.8	12.2	0	0	0	5.1	0	156.24	19.23	341	85.3083
5.1875	3.9	6.4	0	0	0	3.6	0	133.56	3.66	342	82.8916
6.2833	3.4	8.8	0	0	0	2.3	0	250.2	3.89	343	89.0375
4.9416	4	5.4	0	0	0	0.9	0	104.76	1.77	344	93.0541
5.1833	2.1	7.1	0	0	0	0.4	0	241.56	0.83	345	88.0875
3.2375	0.7	5.5	0	0	0	0.2	0	124.92	0	346	90.4041
2.7458	1.4	4.3	0	0	0	0.1	0	178.2	0	347	88.5125
2.0083	-0.6	3.4	0	0	0	0	0	199.8	0	348	86.7416
1.2041	-2.4	4	0	0	0	1.4	0	222.12	0	349	83.0958
-1.6916	-4.2	0.5	0	0	0	1.1	0	326.88	0	350	86.9458
0.3375	-2.1	2.6	0	0	0	2.5	0	198.72	0	351	82.9458
-0.8583	-2.2	0.7	0	0	0	2.7	0	199.08	0	352	89.7541
-2.8291	-3	-2.5	0	0	0	1.5	0	80.28	0	353	96.9208
-3.45	-4.3	-2.9	0	0	0	1.2	0	63.36	0	354	97.4833
-4.3708	-5.5	-3.5	0	0	0	0.3	0	103.32	0	355	97.2083
-3.675	-7.4	0.3	0	0	0	0	0	278.28	0	356	95.5916
0.5416	-2.6	3.8	0	0	0	1.1	0	91.44	4.6	357	94.9166
1.05	-0.2	2.5	0	0	0	1.1	0	159.84	0	358	96.1083
2.8375	1.5	4.6	0	0	0	2.4	0	182.16	0	359	77.8375
2.8375	1.7	4.4	0	0	0	2.3	0	73.44	0.59	360	90.4625
4.1791	2.6	6.4	0	0	0	3.1	0	138.6	0	361	86.6458
7.0083	4.9	8.5	0	0	0	3.6	0	174.6	0	362	82.8291
5.4208	3.2	7.8	0	0	0	3.9	0	131.4	11.09	363	82.5583
4.9458	1.3	7.3	0	0	0	1.3	0	124.92	11.92	364	89.5416
0.7416	-2	4.4	0	0	0	0.2	0	199.44	0.12	365	95.3958
