Tp_av	Tpmin	Tpmax	T_s10	T_s20	vappd	wind	sundu	radia	prec	tagesnummer	RF
C_deg	C_deg	C_deg	C_deg	C_deg	mm_Hg	m/se	hours	J/cmı	mm	jday	%
50	-----	-----	-----	-----	-----	2m	-----	------	--	0	0
2.4292	1.3	3.9	0	0	0	1.9	0	133.42	0.61	1	96.9
1.5667	0.4	3.7	0	0	0	0	0	97.52	0	2	98.3417
-0.2042	-1.8	1.2	0	0	0	0.7	0	125.78	0	3	95.6208
-0.3125	-1.4	1.4	0	0	0	1	0	138.17	0.12	4	93.1458
0.4458	-0.8	1.2	0	0	0	2.3	0	72.61	0	5	93.0208
-1.5042	-2.5	-0.6	0	0	0	1.6	0	62.64	0	6	91.7333
-1.75	-2.5	-0.7	0	0	0	1.4	0	94.28	0	7	92.8583
-4.825	-7.9	-0.9	0	0	0	0.7	0	224.42	0	8	89.0125
-5.9167	-9.4	0.7	0	0	0	0.2	0	243.9	0	9	84.6292
-3.8667	-8.5	0.2	0	0	0	2.1	0	252.43	0	10	89.0875
1.5708	-0.8	3.9	0	0	0	4.6	0	237.38	0.98	11	83.0958
2.1417	0.6	3.1	0	0	0	2.2	0	103.46	0	12	99.7292
-0.1417	-2.4	1.1	0	0	0	1.8	0	128.77	0	13	95.5042
-1.2667	-3.9	1.9	0	0	0	1.2	0	265.14	0	14	90.7583
-4.0333	-7.4	0.4	0	0	0	0.4	0	290.56	0	15	90.0542
-4.5125	-8.1	0.6	0	0	0	0.6	0	278.08	0	16	86.6312
-3.1708	-6.6	0.6	0	0	0	1.4	0	224.32	0.61	17	85.8875
-1.5708	-3	-0.6	0	0	0	1.2	0	101.81	2.07	18	93.9833
-1.55	-2.8	-0.1	0	0	0	0.5	0	149.15	2.07	19	87.1542
-0.7333	-2.8	3.1	0	0	0	1.9	0	112.1	8.42	20	98.7
0.3042	-5.9	3	0	0	0	2.5	0	134.46	2.68	21	95.9
-8.1625	-11.2	-4.5	0	0	0	0.8	0	282.92	0	22	81.4667
-11.2875	-14	-7.3	0	0	0	1	0	317.77	0	23	73.8792
-9.9208	-14.3	-4.7	0	0	0	2	0	326.12	0	24	73.45
-4.025	-6	-1.6	0	0	0	1.8	0	175.72	0	25	77.8292
-2.0083	-5.2	0.2	0	0	0	0.8	0	124.42	0	26	90.2583
-4.0625	-10.4	0.3	0	0	0	0.4	0	335.23	0	27	75.7958
-8.3625	-13.6	-2.3	0	0	0	0.4	0	356.15	0	28	91
-3.8292	-9.4	-0.3	0	0	0	0.7	0	182.2	0	29	95.225
0.3875	-0.9	2.5	0	0	0	2.4	0	138.02	0	30	95.0083
1.1542	-0.6	4.4	0	0	0	2.5	0	386.46	0	31	93.2208
-0.2	-1.2	0.6	0	0	0	2.7	0	162.4	0	32	94.7
0.9	0.5	1.2	0	0	0	2.6	0	82	0	33	88.7
0.4	-1	2	0	0	0	1.2	0	135.1	0	34	95.2
-1.6	-7.7	2.2	0	0	0	1	0	432.9	1.11	35	87.7
-4.6	-7.9	0.4	0	0	0	0.2	0	422.7	0	36	80.9
-4	-8	1.4	0	0	0	3.1	0	221.8	3.44	37	91.2
3.8	1.3	5.7	0	0	0	4.9	0	133.7	5.9	38	98.6
3.5	1.5	5.2	0	0	0	4.8	0	175.5	4.06	39	95.5
0.9	0.1	2	0	0	0	5.7	0	134.9	6.76	40	97.8
1.1	0	2.8	0	0	0	2.8	0	285.9	0	41	91.4
-0.6	-3.8	0.9	0	0	0	1.2	0	127.1	0.12	42	95.7
-2.1	-5.8	2.4	0	0	0	1	0	499.5	0	43	96.1
0.8	-1.5	3	0	0	0	0.6	0	245.4	0	44	93.2
-0.4	-4.5	4.3	0	0	0	0.9	0	568.1	0	45	85.3
0.9	-2.4	2.9	0	0	0	2.1	0	270.6	1.48	46	92.1
2.9	2	4.8	0	0	0	0.9	0	238.2	5.41	47	99.2
3.3	2.2	6.8	0	0	0	1.2	0	307.8	0.37	48	97.7
4.2	2.3	9.3	0	0	0	1.3	0	385.5	0.25	49	91.4
2.9	1.3	5	0	0	0	0.9	0	193	0.74	50	98.2
1.8	0.7	4.5	0	0	0	1.7	0	251.8	0	51	96.5
1.2	0.4	2.5	0	0	0	3.2	0	91.7	0	52	94.1
-0.1	-2.4	1.3	0	0	0	2.4	0	384.8	0	53	80.5
-0.8	-3.7	2.5	0	0	0	0.8	0	285.3	0.86	54	93.1
-1.2	-5	3.9	0	0	0	2.2	0	661.4	0	55	85.6
-1	-2.6	-0.1	0	0	0	1.7	0	152.8	0	56	85.5
-0.6	-4.7	3.6	0	0	0	1.8	0	609	0	57	83.5
-2	-5.6	3	0	0	0	1.4	0	697.1	0	58	76.2
-1.6	-4.7	0.9	0	0	0	2.6	0	267.4	4.06	59	91.9
-0.0583	-1.4	2.3	0	0	0	2.7	0	544.57	2.02	60	93.1542
-0.1792	-1.5	2.6	0	0	0	4.8	0	547.09	0	61	86.7333
-0.6875	-3.1	3.4	0	0	0	3.8	0	653.98	0	62	81.7083
-0.2042	-3.3	3.1	0	0	0	3.4	0	832.79	0	63	76.8167
-2.4583	-9.8	2.4	0	0	0	2.5	0	454.64	4.76	64	88.9083
-4.8958	-12.4	2.6	0	0	0	1.3	0	617.04	2.38	65	92.9375
-1.025	-8.9	4.3	0	0	0	0.3	0	597.56	0	66	81.9042
-3.2083	-11.8	4	0	0	0	1.3	0	992.56	0	67	82.3625
-2.3458	-5.6	1.8	0	0	0	1.8	0	842.62	0	68	76.225
-1.1333	-2.8	1.2	0	0	0	2	0	455.22	0.12	69	81.2917
-2.5708	-4.7	0.6	0	0	0	3.6	0	792.76	1.31	70	87.2917
-3.5792	-10.4	1.6	0	0	0	2.3	0	1014.16	0	71	75.9708
-5.05	-14.2	7.5	0	0	0	0.5	0	1075.86	0	72	75.1833
-4.3917	-12.5	1.7	0	0	0	0.9	0	1033.09	0	73	79.9792
-0.3333	-3.4	1.8	0	0	0	1.8	0	455.26	0	74	87.1792
0.8417	-0.1	2.4	0	0	0	3.1	0	555.98	0	75	83.7708
0.5958	-0.8	4.8	0	0	0	2.6	0	697.07	0	76	85.4375
-0.9292	-2.6	0.7	0	0	0	1.5	0	339.23	0	77	86.8167
-0.3167	-3.1	2.4	0	0	0	3.6	0	440.32	0	78	94.4542
1.3208	-2	3.6	0	0	0	2.3	0	398.34	0	79	91.0875
0.4167	-4.6	6.6	0	0	0	0.7	0	1226.41	0	80	71.2292
-0.0458	-4	5.1	0	0	0	1.5	0	924.53	0	81	81.1125
0.875	-4.2	8.1	0	0	0	0.7	0	1272.56	0	82	71.7833
1.6542	-4.2	7.5	0	0	0	1.1	0	994.54	0	83	61.425
1.1417	0.2	2.6	0	0	0	1.8	0	229.14	3.45	84	76.9083
4.75	0.3	11	0	0	0	1.4	0	282.49	9.04	85	98.625
10.8167	6.6	18.6	0	0	0	2.9	0	698.76	15.35	86	95.0542
10.2083	7.4	14.1	0	0	0	4.1	0	866.27	0.36	87	77.1292
6.6375	4.4	10.5	0	0	0	4.3	0	551.05	5.83	88	83.9625
6.6542	1.7	10.7	0	0	0	3.1	0	418.79	3.69	89	93.0708
9.5125	5.8	12.2	0	0	0	5.2	0	465.48	2.38	90	90.5125
9.125	6.1	13.1	0	0	0	2.9	0	673.7	3.19	91	90.1917
8.7125	4.5	13.9	0	0	0	3.9	0	885.56	7.04	92	83.0875
7.0083	2.5	13.1	0	0	0	3.8	0	748.26	1.54	93	84.1917
3.9167	1.4	7.6	0	0	0	3.5	0	905.11	1.98	94	85.4625
2.9208	0.3	8.3	0	0	0	4.3	0	877.57	0	95	82.0875
3.8083	-1.2	9.3	0	0	0	3.6	0	1131.48	0.88	96	84.5792
7.3333	3.7	12.2	0	0	0	3.8	0	1266.23	1.1	97	70.5125
7.4833	3.8	14	0	0	0	4.4	0	1107.83	4.4	98	76.4542
5.425	2	10	0	0	0	5.8	0	1226.52	0.11	99	79.4417
5.6875	2	11.3	0	0	0	2.3	0	1071.76	0	100	73.5542
4.8	0.5	9.6	0	0	0	1.9	0	1060.96	0	101	74.2292
4.8875	2.5	6.7	0	0	0	2.6	0	502.34	0.66	102	84.7708
6.3167	3.7	9.2	0	0	0	4	0	411.01	3.63	103	91.3375
7.6083	5.1	12.1	0	0	0	4.7	0	1136.05	1.1	104	77.1333
9.0333	5	14.5	0	0	0	1.9	0	1622.16	0	105	66.9042
8.4167	6.8	10.7	0	0	0	0.8	0	408.42	5.28	106	89.0833
8.4625	3.9	13.4	0	0	0	3.3	0	917.78	0.22	107	77.7708
7.9417	3.8	13.4	0	0	0	3.8	0	1263.71	1.32	108	80.2458
8.55	1.1	15.3	0	0	0	1.9	0	1358.14	0	109	78
9.3292	7.4	12.4	0	0	0	2.1	0	904.86	0.22	110	78.0667
9.4667	5.7	14.5	0	0	0	0.8	0	751.82	0	111	78.5875
8.4167	6.6	10.3	0	0	0	1	0	491.08	1.76	112	90.0958
9.3	6.2	18.5	0	0	0	0.4	0	1117.15	3.85	113	89.7417
8.7708	4.2	12.6	0	0	0	0.7	0	623.16	0	114	89.525
11.375	0.2	20.8	0	0	0	0.6	0	1807.7	0	115	75.6
14.3458	11.1	22.8	0	0	0	1.2	0	943.74	1.32	116	79.95
9.7042	4.5	11.5	0	0	0	1.4	0	587.95	3.41	117	92.1167
8.1792	1.9	13.5	0	0	0	1.5	0	2005.92	0	118	72.7292
6.1833	2.8	10	0	0	0	1.1	0	720.68	9.79	119	91.9083
7.5333	4.1	12.5	0	0	0	1.4	0	1236.92	1.1	120	81.25
9.5375	1.9	16.6	0	0	0	1.1	0	1604.92	0	121	69.7875
12	7.8	18.9	0	0	0	1.1	0	1375.13	0	122	71.4833
15.1458	5.7	24	0	0	0	1.1	0	2119.1	0	123	64.8667
16.8042	9.6	24.3	0	0	0	1.5	0	2083	0	124	60.9458
16.6	9.2	23.9	0	0	0	1.6	0	2019.92	0	125	52.1792
13.5917	6.2	21.2	0	0	0	1.7	0	1620.58	0	126	64.0292
13.5208	4.7	22.5	0	0	0	1.7	0	1803.49	0	127	64.825
13.675	6.5	21.7	0	0	0	2.2	0	2104.13	0	128	65.1458
13.4208	5.8	22.2	0	0	0	2.1	0	2249.17	0	129	57.9292
14.8125	3.5	24	0	0	0	1.1	0	2202.44	0	130	59.0792
15.7875	4.9	25.2	0	0	0	0.9	0	1985.62	0	131	64.5875
15.9708	6.6	25.5	0	0	0	0.7	0	1988.86	0	132	61.6917
15.075	8.6	23.3	0	0	0	1	0	1716.66	0	133	69.4958
10.8417	5.4	15.5	0	0	0	2.6	0	1977.98	0.32	134	67.9208
10.15	2.4	17	0	0	0	0.9	0	1666.4	0	135	65.9792
12.8667	8.2	19.5	0	0	0	1.6	0	985.57	9.35	136	87.0125
11.6958	8.1	15.5	0	0	0	2	0	678.96	0.11	137	88.475
12.7917	7.3	19.7	0	0	0	2.4	0	899.89	2.84	138	85.4083
12.0542	8	17.3	0	0	0	3.9	0	1058.11	14.49	139	87.7708
12.8	9.4	18.4	0	0	0	4.1	0	1350.94	5.25	140	82.0625
12.3042	9.2	16.7	0	0	0	2.9	0	1252.55	5.25	141	84.5333
15.2667	9.8	22.4	0	0	0	3	0	1358.42	3.46	142	78.9833
12.2375	7.8	16	0	0	0	5	0	1058.29	3.04	143	79.3583
10.8875	5	16.7	0	0	0	4.2	0	1718.78	1.05	144	74.6792
9.7875	6.1	14.3	0	0	0	3.5	0	1065.38	0.42	145	82.2042
11.0708	5.7	16.2	0	0	0	3.2	0	1711.15	0	146	72.875
11.6667	9.2	16.6	0	0	0	0.7	0	738.43	3.04	147	88.6917
11.6042	9.1	14.8	0	0	0	5.2	0	1472.54	7.04	148	83.5333
11.1083	7	15.6	0	0	0	3.4	0	1551.56	3.57	149	78.6708
10.225	6.2	15.6	0	0	0	2.7	0	1530.9	6.2	150	85.1125
12.2292	8	16.6	0	0	0	2.9	0	1764.68	6.3	151	78.9083
10.1417	7.8	14.4	0	0	0	2.7	0	1354.38	3.36	152	75.9208
12.1958	4.3	18.8	0	0	0	1.2	0	1573.95	0	153	67.2167
11.8417	8.9	14.7	0	0	0	3.3	0	1588.88	1.47	154	83.5167
12.1292	9.2	16.2	0	0	0	4.9	0	1706.13	0	155	60.1958
11.5333	5.7	16.6	0	0	0	2.6	0	1823.38	0	156	66.125
12.4125	6.4	20	0	0	0	1	0	1940.63	0	157	76.5792
13.975	5.1	20.8	0	0	0	0.9	0	1943.28	0	158	70.4083
14.9292	7.4	20.5	0	0	0	1.2	0	2538.4	0	159	74.7708
16.625	8.9	23	0	0	0	1.1	0	2438.78	0	160	71.0083
17.4333	6.8	26	0	0	0	0.8	0	2532.71	0	161	72.6583
21.0708	11.2	28.4	0	0	0	0.8	0	2626.34	0	162	60.9542
22.7458	10.6	31	0	0	0	0.7	0	2608.38	0	163	59.0167
24.0833	11.7	32.2	0	0	0	0.7	0	2585.09	0	164	56.0917
22.3375	13.1	33.2	0	0	0	1.5	0	2367.04	0	165	65.2125
19.0958	12.3	27.7	0	0	0	1.4	0	1900.4	0	166	74.7125
17.0417	14.1	25.3	0	0	0	1.5	0	1097.14	6.62	167	88.9208
14.1667	12.8	16.6	0	0	0	0.6	0	506.48	11.55	168	93.3917
18.9708	14.1	26	0	0	0	0.8	0	1920.49	0.11	169	77.4958
21.8042	13.6	30.2	0	0	0	1.2	0	2345.11	5.88	170	73.7375
19.8917	13.6	26.3	0	0	0	1.3	0	1704.02	0	171	78.6458
19.0792	16.7	23.2	0	0	0	1.9	0	1442.34	30.14	172	83.3083
17.5458	13.1	21.3	0	0	0	3.1	0	1989.22	0	173	69.2792
16.1083	10.6	20.2	0	0	0	2.1	0	1730.84	0	174	72.8292
19.325	13.5	26.7	0	0	0	0.4	0	2186.96	0	175	66.4208
21.75	11.3	31.6	0	0	0	1.1	0	2328.95	0	176	71.6542
21.4042	18.2	26	0	0	0	2	0	1469.95	0.11	177	80.7375
17.575	13.4	21.6	0	0	0	3	0	1236.02	0.11	178	79.9792
14.6375	12	17.8	0	0	0	1.1	0	975.31	0	179	80.2917
15.025	8.2	21.8	0	0	0	1	0	1651.28	0	180	72.8417
15.5542	8.6	23.3	0	0	0	0.7	0	1497.89	0	181	77.7125
19.5	9.7	28.8	0	0	0	1.1	0	2407.6	0	182	72.1
21.6	11.1	28.8	0	0	0	1.3	0	2592.1	0	183	59.3
22.4	11.4	30.1	0	0	0	1.2	0	2569.5	0	184	56.9
22.7	10.6	31.5	0	0	0	0.9	0	2565.4	0	185	54.5
24.1	10.7	32.8	0	0	0	1.1	0	2519.7	0	186	52.4
24.7	13.6	35.6	0	0	0	0.8	0	2398.2	0	187	58.1
23.4	17	28.7	0	0	0	1.3	0	2294.2	1.58	188	70.6
20.6	17.2	26.9	0	0	0	1	0	1437	15.75	189	82.7
21.9	14.7	28.8	0	0	0	1.5	0	2193.7	0.73	190	75.6
21.8	16	26.1	0	0	0	1.9	0	1847.4	0	191	68.8
21.7	14.1	30.8	0	0	0	1.3	0	1994.1	6.2	192	75.2
19.8	13.5	26.2	0	0	0	1.1	0	2408.7	0	193	70.7
21.3	11.2	31	0	0	0	1	0	2322.5	0	194	66.8
18	12.9	21.9	0	0	0	2.6	0	2419	0	195	65.3
18.3	9.6	24.5	0	0	0	1.8	0	2507.5	0	196	63.8
19.4	8.6	27.3	0	0	0	1.3	0	2475.5	0	197	61.7
21.2	8.7	31.8	0	0	0	0.6	0	2470.1	0	198	57.7
22.2	11.4	29.1	0	0	0	1.3	0	2476.8	0	199	61.7
24	13.9	32.6	0	0	0	0.9	0	2430.6	0	200	65.4
26.8	13.4	37.6	0	0	0	0.6	0	2068.6	0	201	56.2
25.2	18.8	31.2	0	0	0	2.6	0	1976.8	0	202	58.3
23.8	15.4	31.7	0	0	0	1.3	0	2283.4	0	203	63
23.3	18.3	32.5	0	0	0	1.1	0	1275.3	5.15	204	68.8
22.3	15.8	28.6	0	0	0	1.6	0	2234.9	0	205	73.1
22.3	15.1	28.8	0	0	0	1	0	2316.8	0	206	67.7
23.2	11.3	32.1	0	0	0	0.8	0	2362.1	0	207	62.4
25.5	13.5	35.5	0	0	0	0.6	0	2141.6	0	208	56.3
23.4	18.9	31.7	0	0	0	0.5	0	1020.1	0.11	209	63.9
21.8	17.8	28.4	0	0	0	0.9	0	1313.2	0.21	210	78.2
24	16.2	31.9	0	0	0	1	0	2162	0	211	64.9
21.9	14.8	27.4	0	0	0	2.1	0	2077.7	0.42	212	65.1
19.8542	12.3	28.7	0	0	0	1.6	0	1866.82	0.42	213	68.9625
17.1375	12.8	23.4	0	0	0	3.2	0	1637.96	1.89	214	77.7667
16.8042	11.1	23.9	0	0	0	1.8	0	1823.83	0	215	74.925
17.6542	8.5	25.4	0	0	0	0.7	0	1527.52	0.84	216	74.6417
18.225	13.1	23.2	0	0	0	1.9	0	944.14	13.44	217	82.4583
20.1375	16.3	24.7	0	0	0	2.5	0	1030.72	1.05	218	76.3292
20.9083	13.3	27.8	0	0	0	2	0	2199.78	0	219	67.3083
19.5083	15.3	24.9	0	0	0	2.5	0	1851.37	0	220	65.6583
17.7833	13.4	24.1	0	0	0	2	0	1374.19	0	221	76.7625
17.2917	11.4	24.2	0	0	0	1.8	0	1552.54	0.42	222	75.625
16.1708	8.9	23.4	0	0	0	0.8	0	1596.35	0	223	74.2917
15.9292	8.6	24.9	0	0	0	0.6	0	1545.05	1.26	224	80.625
14.675	9.8	23.5	0	0	0	1	0	784.58	12.71	225	92.4583
15.9417	12.9	20	0	0	0	2.8	0	1249.85	4.62	226	82.6667
15.65	13.2	20.8	0	0	0	3.8	0	937.12	10.82	227	89.4875
18.0458	12	25.3	0	0	0	1.5	0	1671.48	0	228	76.5083
19.6167	14.1	27.1	0	0	0	0.5	0	1388.34	0	229	75.7667
18.9583	12.4	27.3	0	0	0	1.2	0	1086.55	57.02	230	84.65
20.6583	15.3	27.5	0	0	0	1.9	0	1922.83	0	231	74.75
18.4292	15	24.8	0	0	0	2	0	1346.29	0.73	232	80.6958
16.4458	13.9	21.5	0	0	0	2.9	0	1037.23	19.11	233	87.925
16.5292	13.4	21.9	0	0	0	2.4	0	978.48	0.11	234	86.4958
16.6708	12	20.8	0	0	0	2.8	0	1211.26	1.99	235	84.3958
17.2667	9.6	25.1	0	0	0	0.5	0	1528.13	0	236	75.675
15.925	12.6	19.5	0	0	0	0.5	0	668.95	2.94	237	86.0083
16.0708	13.2	24.6	0	0	0	0.5	0	1125.61	10.92	238	89.7333
14.9125	11.7	20.2	0	0	0	2.5	0	828.68	24.78	239	92.3833
14.8708	11.7	21	0	0	0	3.3	0	1466.71	3.04	240	83.2917
12.4125	11	16.3	0	0	0	1.5	0	499.28	14.18	241	95.0375
14.3708	11.2	19.4	0	0	0	3.1	0	917.42	30.56	242	88.4792
16.2667	13.7	19.9	0	0	0	3	0	1136.05	0.11	243	79.15
17.075	13.9	21.2	0	0	0	3.2	0	676.58	0.95	244	89.1292
19.4917	15.1	25.8	0	0	0	1.5	0	1168.27	0	245	78.575
18.1167	16.9	20.2	0	0	0	4.1	0	434.84	15.75	246	85.5792
16.4875	14.2	19.4	0	0	0	5.4	0	791.03	0.42	247	79.75
15.4083	12.3	19.5	0	0	0	4.1	0	1472.18	0	248	75.2125
18.0208	11.8	24.1	0	0	0	2.2	0	932.4	0	249	83.0167
16.4792	12.4	22.3	0	0	0	2.2	0	592.27	9.77	250	90.725
14.95	10.9	18.9	0	0	0	3.6	0	1483.45	0.53	251	76.6917
14.0708	9.6	17.3	0	0	0	1.4	0	514.69	0	252	87.325
15.6458	8.3	22.8	0	0	0	0.4	0	1299.49	0	253	80.9708
17.1708	9.6	26.1	0	0	0	0.7	0	1509.66	0.11	254	75.725
17.6292	10.2	26.2	0	0	0	0.7	0	1478.12	0	255	73.1875
17.8042	9.2	27.2	0	0	0	0.7	0	1439.28	0	256	72.5958
17.9917	10.6	26.2	0	0	0	0.8	0	1416.78	0	257	69.9792
18.6208	12.1	25.7	0	0	0	1.8	0	1371.06	0	258	67.9292
19.9417	14.8	26.3	0	0	0	1.8	0	1288.37	0	259	61.5083
19.175	15.1	25.5	0	0	0	0.8	0	923.18	0	260	70.4292
19.5542	12.9	27.5	0	0	0	0.8	0	1206.5	0	261	78.725
16.625	12.5	20.8	0	0	0	2.4	0	583.34	1.68	262	86.2958
14.8417	10.1	20.3	0	0	0	2.1	0	1218.89	0	263	80.9792
16.3333	8.3	25	0	0	0	0.9	0	1259.24	0	264	68.775
18.6625	10.6	26.1	0	0	0	0.9	0	1240.06	0	265	64.9875
17.8458	12.9	24.1	0	0	0	1	0	1231.31	0	266	63.3167
18.3292	10.2	26.6	0	0	0	1	0	1203.26	0	267	66.5917
18.6583	12.6	25.7	0	0	0	0.8	0	1164.31	0	268	67.5708
17.7792	11.3	25.7	0	0	0	0.7	0	1028.38	0	269	76.7833
16.1333	13.2	21.9	0	0	0	1.1	0	690.66	7.56	270	90.0625
15.8458	12.8	20.5	0	0	0	1.2	0	775.04	0.53	271	86.675
16.4417	9.7	23.8	0	0	0	0.8	0	996.84	0.11	272	82.175
17.2083	13.5	23.4	0	0	0	0.7	0	794.41	0	273	83.7292
16.075	10.2	23.2	0	0	0	1.2	0	921.02	1.05	274	85.9167
15.5375	13.1	19.3	0	0	0	3.4	0	708.12	1.37	275	81.8833
14.6792	12.4	17.9	0	0	0	2.8	0	561.53	0	276	82.1833
12.075	9	17.9	0	0	0	1.8	0	418.75	0	277	93.8667
11.7625	7.9	17.2	0	0	0	2.3	0	729.83	0.21	278	88.2667
13.8167	10.3	17.8	0	0	0	3.9	0	314.46	19.43	279	89.9625
14.0667	10.7	18.3	0	0	0	4.7	0	735.59	1.37	280	83.8917
12.8958	10.5	16	0	0	0	4.2	0	495.5	0.11	281	83.9542
13.5958	8.9	22.2	0	0	0	1	0	874.15	0	282	81.3458
13.9875	6.4	22.7	0	0	0	0.2	0	845.64	0	283	85.6125
12.125	9.5	17.9	0	0	0	1	0	501.91	0.11	284	93.2708
11.9042	8.6	15.5	0	0	0	0.4	0	385.2	0	285	96.025
13.6125	10.2	17.8	0	0	0	1	0	428.62	0	286	90.5833
11	7.6	13.5	0	0	0	0.6	0	313.78	0	287	88.5458
10.75	7	16.8	0	0	0	0.3	0	537.8	0	288	84.9708
10.9125	5.6	19.6	0	0	0	0.3	0	605.84	0	289	89.3917
9.2208	4.2	16.7	0	0	0	0.7	0	790.7	0	290	83.7125
9.3417	3.5	15.8	0	0	0	0.7	0	668.81	0	291	83.4792
11.25	7.2	16.9	0	0	0	0.5	0	531.97	0	292	84.6
11.3792	6.4	16.5	0	0	0	0.6	0	378.61	0	293	89.2667
13.4	9.8	17.4	0	0	0	1.8	0	328.21	0.11	294	89.6083
13.6292	10.9	18.1	0	0	0	2.5	0	524.77	0	295	83.4083
15.525	12.7	19.4	0	0	0	3.3	0	367.06	0	296	82.3417
14.4542	11.1	18.9	0	0	0	3.3	0	435.92	14.7	297	91.0208
11.3833	7.9	16.2	0	0	0	2.3	0	561.02	0.32	298	90.2583
14.5167	9.3	19.3	0	0	0	3.1	0	517.54	0	299	74.7583
13.7583	9.8	18.6	0	0	0	5.4	0	431.32	0.63	300	74.0125
9.9208	6.8	11.8	0	0	0	2.3	0	188.93	1.99	301	94.6458
10.7667	6.2	14.8	0	0	0	2.6	0	185.33	4.3	302	91.7292
8.3917	6.3	10.5	0	0	0	2	0	244.33	0.53	303	95.0417
11.1833	8.9	13	0	0	0	5	0	162.79	2.1	304	86.9083
4.0833	0.8	9	0	0	0	5.6	0	201.89	4.84	305	83.6958
1.3	-1.4	5.6	0	0	0	1.4	0	310.39	0.94	306	81.4625
1.2792	-2.2	7.4	0	0	0	0.5	0	456.95	0	307	86.7333
5.5083	-1.7	10	0	0	0	2.8	0	261.4	0.12	308	92.8333
10.0333	7.4	11.4	0	0	0	5.2	0	95.51	3.19	309	92.6167
11.3417	9.6	12.5	0	0	0	4.9	0	116.28	0	310	86.3917
9.6833	6.2	11.8	0	0	0	3.7	0	339.26	0	311	86.0792
6.2583	2.8	9.1	0	0	0	3.4	0	237.85	0.24	312	91.1292
8.4333	5.7	10.9	0	0	0	5.2	0	293.98	2.12	313	82.5667
5.7958	2.3	10.5	0	0	0	1.9	0	409.46	0	314	89.325
5.75	3.7	8.2	0	0	0	4.4	0	76.61	7.08	315	90.125
5.9833	3.9	8.5	0	0	0	5.2	0	293.9	2.24	316	86.2292
6.6583	4.1	10	0	0	0	3.8	0	67.79	6.14	317	93.3458
9	7.7	11.3	0	0	0	3.7	0	147.28	2.71	318	92.5542
11.1958	8.4	14.3	0	0	0	3	0	236.92	2.6	319	92.275
10.8958	7.1	14.8	0	0	0	2.1	0	321.73	0	320	87.1708
11.6042	9	13.2	0	0	0	2.2	0	93.1	1.53	321	86.6583
9.5042	5.4	13.5	0	0	0	1.8	0	210.31	0	322	91.8125
4.7042	1.8	7.1	0	0	0	1.2	0	116.1	16.05	323	99.875
5.6	2.8	7.4	0	0	0	3.6	0	226.33	1.06	324	88.5083
6.25	4.5	8.9	0	0	0	3.3	0	75.53	3.66	325	94.95
4.4667	0.9	7.3	0	0	0	2.4	0	260.1	0	326	91.7292
5.4375	2.5	8.9	0	0	0	3.2	0	72.5	4.48	327	92.75
8.8625	7.3	11.2	0	0	0	2.1	0	203.44	0.12	328	93.2458
11.0083	8.7	14.6	0	0	0	3.1	0	110.66	0.12	329	81.35
11.2208	7.2	14.8	0	0	0	2.2	0	156.24	0	330	80.0042
7.5292	3.2	11.9	0	0	0	0.8	0	224.57	0	331	94.4417
8.0167	5	12.6	0	0	0	0.5	0	246.24	0	332	92.0958
6.875	3.4	10.2	0	0	0	1.1	0	101.66	0.24	333	96.2125
4.8458	2.5	6.7	0	0	0	2	0	79.38	0	334	99.325
4.7667	2.2	7.8	0	0	0	2.5	0	185.33	0	335	95.1417
6.8083	4.5	9.7	0	0	0	3.8	0	236.52	0	336	86.7042
8.7167	6.6	11	0	0	0	3.4	0	183.74	0.83	337	86.0542
7.8083	5.9	10.1	0	0	0	4.5	0	174.42	2.01	338	87.0083
11.2833	6.4	13.7	0	0	0	5.6	0	99.43	1.65	339	86.7583
10.425	9.5	13.6	0	0	0	5.5	0	157.79	1.65	340	82.4667
7.4167	5.6	9.8	0	0	0	5.4	0	146.52	2.36	341	80.25
9.2083	7.5	12.3	0	0	0	4.5	0	112	3.78	342	79.275
7.9833	4.3	12.2	0	0	0	4.2	0	180	0	343	78.7292
3.6208	1.3	7.9	0	0	0	2.2	0	217.48	0	344	94.5875
4.0042	2.2	6.5	0	0	0	5.4	0	50.62	3.54	345	90.2417
6.5833	5.2	7.9	0	0	0	3.7	0	196.6	0.35	346	91.9083
7.7375	5.6	10.7	0	0	0	5.2	0	146.27	1.06	347	88.075
10.4375	10	11.2	0	0	0	7	0	70.81	0	348	83.0833
8.7083	5.3	11.1	0	0	0	4.8	0	44.06	0	349	82.875
5.6375	3.5	7.3	0	0	0	3.7	0	49.97	3.07	350	83.3958
3.6167	2.1	6	0	0	0	3.5	0	114.7	2.24	351	96.4583
2.4958	0.1	5.4	0	0	0	1.9	0	208.3	0.12	352	96.3333
3.7667	0.7	6.4	0	0	0	2.1	0	182.23	0	353	89.9417
6.2792	3.7	8	0	0	0	2.7	0	61.56	0	354	92.2292
6.4208	5.8	6.8	0	0	0	1.7	0	39.78	0	355	93.4917
5.8625	5.3	6.3	0	0	0	2.4	0	64.8	0	356	87.1042
6.0667	5.3	6.8	0	0	0	2	0	41.58	0	357	94.7042
5.9083	4.8	7	0	0	0	2.4	0	81.18	0.24	358	96.7708
5.8458	1.9	8.9	0	0	0	0.3	0	108.83	0	359	91.8125
3.4417	-1.3	6.6	0	0	0	1.5	0	175.03	0	360	87.3167
1.1958	-0.4	2.3	0	0	0	2.5	0	72.43	0	361	97.0875
0.525	-0.7	2	0	0	0	2.6	0	46.69	0.59	362	96.1083
3.0667	1.9	4.3	0	0	0	1.5	0	69.95	0	363	98.4125
4.8125	1.3	7.4	0	0	0	3.9	0	80.39	4.25	364	86.1208
7.6833	5.7	9.5	0	0	0	6.7	0	152.14	5.66	365	86.1042
-3.8	-7.8	-0.2				0.3812		126	0		93.53
