Tp_av	Tpmin	Tpmax	T_s10	T_s20	vappd	wind	sundu	radia	prec	tagesnummer	RF
C_deg	C_deg	C_deg	C_deg	C_deg	mm_Hg	m/se	hours	J/cm	mm	jday	%
50	-----	-----	-----	-----	-----	2m	-----	------	--	0	0
3.2042	-0.1	5	0	0	0	2.4	0	140.36	0.37	1	98.2958
4.1042	0.4	7.1	0	0	0	7	0	189.32	10.49	2	88.4
3.8167	1.2	7	0	0	0	5.8	0	129.67	2.07	3	89.5875
7.6083	6.5	8.7	0	0	0	7.2	0	31.64	1.95	4	86.9875
5.4667	3.9	7.3	0	0	0	4.6	0	178.88	0.85	5	89.075
5.525	3.9	7.4	0	0	0	5.6	0	196.96	1.71	6	86.4958
8.825	5.4	11.1	0	0	0	7.5	0	37.22	0.24	7	88.3625
9.5125	3.1	11.5	0	0	0	9.1	0	124.67	0.73	8	72.0708
6.2	3.6	8	0	0	0	7.8	0	139.07	0.12	9	76.9708
10.0875	6.2	13.5	0	0	0	5.8	0	260.82	0	10	81.3667
8.9125	7.2	10.5	0	0	0	4.4	0	186.52	0	11	85.9083
7.7417	5.3	9.9	0	0	0	5	0	218.77	0.24	12	81.3625
4.0042	2.3	6.3	0	0	0	5.2	0	185.15	1.22	13	85.8292
3.1792	1.3	5.9	0	0	0	3.5	0	171.11	0	14	91.5667
1.6542	0.8	2.6	0	0	0	1.2	0	107.39	0	15	94.7083
0.0042	-2.4	3.2	0	0	0	1.4	0	312.77	0	16	87.6542
2.175	-1.4	4.7	0	0	0	3.7	0	172.37	0	17	86.3583
3.4042	0.4	5.6	0	0	0	3.4	0	74.41	2.93	18	94.4083
1.625	0.1	4.6	0	0	0	4	0	160.2	1.46	19	94.525
4.3792	0.9	7.3	0	0	0	6.7	0	175.64	9.88	20	86.6833
3.5125	0.6	6.1	0	0	0	6.5	0	205.63	0.37	21	80.1792
1.7417	-0.2	4.3	0	0	0	2.7	0	314.64	0.12	22	88.0208
-0.3833	-2.8	1.2	0	0	0	2.9	0	172.15	0.98	23	91.6083
-0.3458	-1.5	1.9	0	0	0	3.1	0	283.72	1.71	24	87.3125
-0.7625	-4.1	2.6	0	0	0	2.4	0	330.3	0	25	84.3083
-2.2208	-6.1	2.9	0	0	0	1	0	329.65	0	26	89.95
-2.7292	-6.7	-0.2	0	0	0	1	0	153.32	3.05	27	95.1125
-2.55	-11.5	4.5	0	0	0	0.1	0	366.23	0.24	28	93.9208
-5.425	-11.2	-1	0	0	0	0.9	0	299.7	0.12	29	96.7542
0.1167	-4.8	3.7	0	0	0	3.8	0	157.79	0.73	30	98.4875
4.1208	1.9	6.5	0	0	0	5.7	0	193.03	0.61	31	89.7
2.5	-1	5.4	0	0	0	3.9	0	450.7	0	32	80.1
1.5	-2.4	4.7	0	0	0	1.8	0	457	0	33	90.7
3.9	1.1	7.3	0	0	0	1.1	0	464	0	34	73.3
3.8	2.2	5.4	0	0	0	1.3	0	471	0	35	86.9
3	-1.7	5.6	0	0	0	2.2	0	478	0	36	69.6
-1.6	-5.4	3.6	0	0	0	2.4	0	482	0	37	69.7
-2.4	-6.7	3.4	0	0	0	2.4	0	491	0	38	69.7
-3.4	-7.5	1.7	0	0	0	0.7	0	497.8	0	39	68.8
-1.7	-7	2.5	0	0	0	1.8	0	323.1	0.98	40	85.7
4	1.4	6.1	0	0	0	5.1	0	109.9	2.34	41	94
2.6	0.4	6.8	0	0	0	3.1	0	534.3	0	42	89.7
2.6	-0.3	9.3	0	0	0	5	0	92.3	13.04	43	93.9
1	-0.1	2.1	0	0	0	7.6	0	239.3	0.49	44	87.1
0	-0.8	0.8	0	0	0	5	0	254.9	0.86	45	89.6
0	-1.3	1.4	0	0	0	3.7	0	482	0.12	46	87
-0.4	-0.9	0.4	0	0	0	3.4	0	334.3	0.25	47	87.8
-1.4	-4.2	1.6	0	0	0	1.8	0	631.5	0	48	80.1
-1.7	-3.9	0	0	0	0	3.9	0	323.7	0.12	49	83.6
0.4	-1	1.8	0	0	0	2.8	0	336.3	0.25	50	96.9
1.1	0.2	3.9	0	0	0	0.7	0	375.3	0	51	95
0.1	-1.9	2.3	0	0	0	1.8	0	448.3	0	52	89.5
-1.1	-2.3	0.4	0	0	0	3.2	0	589.2	0	53	82.5
0	-0.6	0.5	0	0	0	3.3	0	274.8	11.44	54	98
0.2	-0.2	1.4	0	0	0	0.9	0	303.2	3.81	55	96.8
0.8	0.1	4.1	0	0	0	1.5	0	423	0.37	56	94.7
-0.9	-7.5	0.9	0	0	0	1.9	0	432.4	0.37	57	89
-4.3	-9	-0.3	0	0	0	2.7	0	897.9	0.86	58	72.5
-4.6	-9.8	-1.1	0	0	0	3.1	0	661.9	0	59	83.3
-3.1783	-5.6	-1.5	0	0	0	5.7	0	523.85	0.36	60	82.5826
-1.7333	-4.5	0.1	0	0	0	3.2	0	538.06	1.31	61	92.3
-1.9958	-4.6	2.2	0	0	0	2	0	706.79	0.71	62	89.2708
-2.2	-7.3	3.7	0	0	0	0.8	0	714.29	0	63	75.0292
-4.2292	-9.8	1.2	0	0	0	2	0	721.79	0	64	69.0042
-2.9667	-7	-0.4	0	0	0	3	0	729.3	0	65	70.1
-0.4625	-4.3	4	0	0	0	3.3	0	736.8	0	66	84.0167
-0.5375	-4.1	4.2	0	0	0	2.2	0	744.3	0	67	96.0958
-0.5542	-4.8	3.9	0	0	0	1.5	0	867.92	0	68	80.1125
-1.7083	-8	3	0	0	0	2.5	0	1124.82	0	69	80.9
1.3583	-0.1	3.1	0	0	0	6.4	0	379.22	3.81	70	92.0083
1.1167	-0.7	3.2	0	0	0	4.6	0	561.13	2.62	71	93.1792
-0.1583	-4.8	3.2	0	0	0	2.8	0	694.58	0.36	72	82.7583
2.7083	0.2	7.2	0	0	0	4.1	0	1141.18	0	73	78.0979
3.2792	0.1	7.8	0	0	0	3.1	0	415.94	1.67	74	85.8667
10.9375	6.9	15	0	0	0	4.9	0	580.14	0	75	78.1125
10.85	8.7	12.9	0	0	0	5.9	0	229.54	8.69	76	89.4458
8.2042	3.2	10.5	0	0	0	5.4	0	147.49	1.43	77	95.0667
1.6875	-3.5	5.2	0	0	0	1.9	0	1054.62	0.12	78	78.4333
-0.4333	-5.1	5.6	0	0	0	0.8	0	1316.02	0	79	70.9667
1.975	-2.5	8.9	0	0	0	0.6	0	1274.47	0	80	60.9292
4.6667	-3	11.8	0	0	0	1.1	0	1267.88	0	81	52.7375
7.525	2.3	16.1	0	0	0	0.7	0	629.17	0.12	82	77.3
9.8833	3.6	18.1	0	0	0	0.3	0	1264.25	0	83	83.5167
10.4042	3.4	18.8	0	0	0	0.9	0	1117.19	0	84	83.7417
8.0625	5.9	9.6	0	0	0	0.7	0	159.41	1.9	85	97.6667
5.8458	2.9	8.2	0	0	0	2.3	0	521.64	0	86	93.3417
5.0583	0.9	11.4	0	0	0	2.2	0	1447.96	0	87	78.7875
4.2042	-0.5	11.3	0	0	0	2.5	0	1360.08	0	88	76.2958
4.3042	0	11.1	0	0	0	2.7	0	1484.96	0	89	73.125
4.1333	-2.1	11.8	0	0	0	1.4	0	1519.38	0	90	70.9708
6.287	-3.3	15	0	0	0	0.7	0	1607.15	0	91	58.2304
8.1625	-0.8	17.3	0	0	0	0.7	0	1547.6	0	92	50.6583
10.6583	0.9	20.7	0	0	0	1.3	0	1611.11	0	93	43.325
12.5792	2.8	21.3	0	0	0	1.5	0	1572.12	0	94	42.4458
9.1292	4.4	13	0	0	0	2.7	0	812.45	0.44	95	66.3375
9.0792	2.1	15.7	0	0	0	3.2	0	1392.41	0	96	65.3292
10.675	4.8	16.4	0	0	0	4.6	0	1228.97	0	97	65.3042
6.7667	1.4	11.5	0	0	0	2.3	0	835.13	0	98	75.3083
4.4792	0.4	9.6	0	0	0	2.4	0	1416.85	0	99	70.2708
4.1042	-2.7	10.1	0	0	0	2	0	988.24	0.66	100	81.4542
8.9625	2.6	16.6	0	0	0	3.2	0	1262.2	0	101	82.6292
10.8708	2.9	17.5	0	0	0	1.2	0	1719.79	0	102	71.75
11.9458	7.9	17.4	0	0	0	0.8	0	896.22	0	103	69.4083
13.9792	10	18.8	0	0	0	1	0	1216.69	0	104	65.5958
15.15	9.5	22.4	0	0	0	1	0	1316.09	0	105	58.5625
10.3917	4.7	19	0	0	0	2.2	0	1353.92	0	106	79.1
9.1375	5.9	15.5	0	0	0	3.3	0	1636.63	0	107	79.9667
8.4958	5.4	14.8	0	0	0	2.6	0	809.75	0	108	78.8208
6.6875	2.4	12.9	0	0	0	3.5	0	1817.21	0	109	65.3958
4.4083	-0.9	10.1	0	0	0	2.3	0	1986.98	0	110	62.7583
3.8958	-7	11.6	0	0	0	1.1	0	2017.01	0	111	58.9167
5.7333	-0.6	12.2	0	0	0	1.3	0	1052.46	0	112	73.8792
6.4542	1.1	12.8	0	0	0	1.5	0	2046.06	0	113	63.3333
5.9417	-2.5	13.6	0	0	0	1.9	0	2091.6	0	114	59.3583
6.7958	0.7	14.4	0	0	0	2.9	0	2001.96	0	115	65.7792
8.1333	2.1	15.8	0	0	0	2.3	0	2129.4	0	116	63.3583
7.1417	2.2	12.1	0	0	0	2.5	0	1877.85	13.31	117	84.7333
10.4	6.3	15.4	0	0	0	3.9	0	1626.13	0	118	69.525
10.5125	4.7	14.8	0	0	0	0.6	0	1374.79	0	119	79.5958
14.1625	6.1	20.3	0	0	0	0.8	0	1724.4	0	120	73.8583
16.5	11	23.6	0	0	0	0.8	0	1719.8	1.78	121	77.6
19.7	12.2	30.4	0	0	0	1.3	0	1674.2	4.41	122	70.7
15.5	13.1	20	0	0	0	1	0	1007.9	5.04	123	88.5
13.7	11.3	16.9	0	0	0	2.4	0	1029.6	0.32	124	87.7
9.7	6	14	0	0	0	4.1	0	1415.5	0	125	75
9.6	5.8	14	0	0	0	3.6	0	1212.5	4.62	126	84.1
8.4	3.5	14.7	0	0	0	2.6	0	1585.3	4.62	127	75.2
7.2	4.1	12.5	0	0	0	2.6	0	1553	3.57	128	82.8
6.3	1.7	12.5	0	0	0	2.4	0	1507.3	1.05	129	84.6
6.5	1.4	12	0	0	0	3	0	1506.9	4.2	130	86.4
7.8	4	13.4	0	0	0	2.3	0	1189.6	5.99	131	85.3
8.5	2.3	14.4	0	0	0	1.5	0	1614.3	0	132	79.9
11	0.2	20.1	0	0	0	0.7	0	2453.4	0	133	69.1
12.9	5.3	19.2	0	0	0	1.2	0	1961.2	0	134	64
9.2	7.4	11.3	0	0	0	1.9	0	348.8	13.44	135	89
9.2	6.4	12.1	0	0	0	3	0	947.5	3.36	136	83.8
8.7	5.6	14	0	0	0	1.5	0	1498	0.11	137	71.9
8.2	2.9	13.5	0	0	0	1.8	0	1785.1	0	138	72.9
10	1.3	17.8	0	0	0	1.4	0	2151.7	0	139	66.6
13.6	6.7	20.1	0	0	0	2	0	1417	0	140	62.5
15.5	11.3	21.8	0	0	0	1.1	0	1047.8	5.04	141	74.4
16.9	11.7	23.4	0	0	0	1.2	0	1578.2	0.32	142	79.2
15.5	10.7	21.3	0	0	0	1	0	1085.5	4.2	143	82.8
14.1	7.2	19.5	0	0	0	1.6	0	1847.2	0	144	69.5
16.6	11.5	22.4	0	0	0	2.3	0	1800.1	0.21	145	70.3
19.8	9.7	27.7	0	0	0	2	0	2461.4	0	146	66.9
20.9	16.3	26.4	0	0	0	1.4	0	2547	0	147	66.4
23.5	14.2	33	0	0	0	1.6	0	2513.7	0	148	64.1
17.7	11.7	24.2	0	0	0	1.5	0	2356.3	0	149	69.6
11	10	12.4	0	0	0	1.2	0	305.9	10.19	150	93.1
10.9	8	15	0	0	0	4.6	0	1667	3.68	151	77.5
10.3	6.1	13	0	0	0	3.2	0	891.9	0	152	71.9
10.7	4.5	14.2	0	0	0	1.9	0	811	1.16	153	85.5
19	13.5	24.9	0	0	0	2	0	2075.2	0.21	154	78.4
15.6	10.63	19.6	0	0	0	4.3	0	1785.5	2.73	155	79.8
13.5	10.5	18.5	0	0	0	3.6	0	1403.7	4.94	156	83.3
10.4	8.4	14.5	0	0	0	3.6	0	916.3	0.11	157	70.1
11	5.4	15.2	0	0	0	3.3	0	1601.1	4.62	158	75.4
11.4	2.6	17.8	0	0	0	1.4	0	2237.8	0.21	159	69
13.4	3.7	19.9	0	0	0	1	0	2708.4	0	160	69.6
13	9.6	17.7	0	0	0	2.2	0	1301.7	5.46	161	83.5
10.7	7	15.1	0	0	0	3.4	0	1478.8	0	162	73.1
10.1	6.3	15.6	0	0	0	2.9	0	1369	0.95	163	78.8
11.2	7.5	16.9	0	0	0	1.8	0	1388.5	6.09	164	83.1
17.2	5.6	25.9	0	0	0	0.8	0	2399.1	0	165	67.9
18.8	9.5	25.5	0	0	0	1.1	0	2778.9	0	166	67.5
17.8	8.3	26.3	0	0	0	0.7	0	2038	0	167	72.2
17.8	14.7	22.4	0	0	0	2.6	0	904.7	0	168	81.4
15.5	10.3	20.3	0	0	0	3	0	2742.2	0	169	72
17.1	9.4	24.1	0	0	0	1.3	0	1840.2	0	170	78.6
20	9.5	28.4	0	0	0	0.9	0	2792.7	0	171	67.1
21.1	13.4	30.8	0	0	0	1.8	0	2151.1	2.31	172	67.1
16.9	11.8	21.9	0	0	0	2.3	0	2516.5	0	173	71.3
20.4	10.1	29.1	0	0	0	0.6	0	2844.1	0	174	63.1
23.4	13.3	31.2	0	0	0	0.7	0	1952.9	0	175	66
19.2	12	30.2	0	0	0	1.3	0	1571	1.58	176	82
17.6	9.6	24.9	0	0	0	1.2	0	2686	0	177	71.4
15.9	9.1	22.5	0	0	0	1.7	0	2545	0	178	70.9
15.9	10.7	21.4	0	0	0	2.7	0	2546.1	0	179	73.1
17	9.7	23.9	0	0	0	1.7	0	2753.2	0	180	72.9
17.7	9.8	24.7	0	0	0	1.3	0	2670.9	0	181	60.6
16.9125	13.1	20.7	0	0	0	0.8	0	933.88	0	182	75.7542
19.05	9.7	27	0	0	0	0.6	0	2045.38	0	183	70.1292
21.2708	11.1	29.6	0	0	0	0.6	0	1868.11	0	184	63.55
23.8667	16.6	30.5	0	0	0	1.3	0	2688.52	0	185	51.9833
14.6833	12.3	20.7	0	0	0	2.3	0	272.45	26.15	186	88.6083
13.9292	12.3	17.7	0	0	0	0.9	0	651.71	10.4	187	93.2667
15.8625	11.2	22.9	0	0	0	0.9	0	1325.81	1.89	188	86.2792
18.4542	11.5	25.6	0	0	0	0.6	0	2034.72	1.05	189	80.8
20.125	15.3	27.3	0	0	0	0.7	0	1298.63	0.73	190	82.55
20.575	13.1	27.3	0	0	0	1.5	0	2593.91	0	191	71.8833
21.1042	11.1	28.6	0	0	0	1.4	0	2577.53	0	192	65.1125
22.925	14.5	30.3	0	0	0	1	0	2635.34	0	193	67.0917
21.2333	13.1	27.6	0	0	0	1.1	0	2630.34	0	194	72.3833
20.2333	13.4	27.2	0	0	0	0.8	0	2203.38	0	195	77.8958
20.075	12	30.5	0	0	0	1.6	0	1806.48	5.67	196	81.3167
17.1417	12.8	21.6	0	0	0	3.3	0	1693.69	0.21	197	76.7583
16.1917	12	22.3	0	0	0	3.2	0	1321.49	0	198	75.1958
19.1917	16.2	25.2	0	0	0	1.5	0	1141.42	0	199	78.9083
17.9292	13.4	21.9	0	0	0	2.5	0	1300.03	4.94	200	83.0875
14.5917	12.1	20.7	0	0	0	4.3	0	1204.02	9.45	201	80.8708
14.0833	11.5	16	0	0	0	4.1	0	464.22	26.25	202	96.1583
17.4542	14.1	21.9	0	0	0	2.7	0	1543.54	4.09	203	81.725
15.3208	13.6	18.5	0	0	0	2.9	0	882.86	0.63	204	89.6125
16.0542	12.5	21.9	0	0	0	2.5	0	1326.71	0	205	76.9708
17.8083	14.5	24.7	0	0	0	1.6	0	1316.66	3.26	206	85.3667
16.65	12.3	21.2	0	0	0	1.3	0	1206.14	6.09	207	83.7167
16.9458	10.3	22	0	0	0	0.9	0	1485.25	0	208	74.1
22.1292	15	31.3	0	0	0	0.7	0	2033.75	0.73	209	74.0208
24.2042	17.4	30.7	0	0	0	1.3	0	1686.78	0.21	210	73.7667
20.4083	16.1	25.2	0	0	0	2.8	0	1591.49	0.32	211	82.7958
17.9125	12.9	25.6	0	0	0	2.9	0	1975.57	2.31	212	74.7042
15.5042	13.4	18.8	0	0	0	4.6	0	918.18	0	213	80.0708
16.6792	13.3	22.3	0	0	0	1.8	0	1324.12	0	214	80.0417
17.8375	13.7	23.1	0	0	0	0.3	0	1178.17	0	215	76.7625
15.5542	11.4	20.6	0	0	0	2.8	0	1612.19	8.82	216	82.3
14.9833	10.6	19.8	0	0	0	2.1	0	1309.93	6.93	217	83.9708
13.9542	10.3	18.8	0	0	0	2.6	0	1386.22	8.61	218	86.6958
13.1333	8.6	19.2	0	0	0	2.3	0	1697.87	3.89	219	81
13.3667	6.7	20.3	0	0	0	1.3	0	1754.78	0	220	82.5667
14.2333	11.9	18.5	0	0	0	3.3	0	982.87	0.84	221	90.1125
14.0833	13.1	15.5	0	0	0	3.9	0	376.27	4.83	222	90.3333
14.6625	12.3	16.1	0	0	0	0	0	416.66	0	223	84.5667
14.7375	11.7	19.1	0	0	0	1	0	781.92	0	224	82.3958
13.6208	10	17.4	0	0	0	2.3	0	894.38	0.32	225	83.1792
15.2625	11.4	20.2	0	0	0	0.8	0	856.51	0.11	226	81.6458
17.8292	11.9	26.8	0	0	0	0.8	0	1313.64	0	227	75.5833
15.4333	10.3	20.8	0	0	0	1.1	0	1122.44	0	228	82.7125
17.2708	11.2	24	0	0	0	0.8	0	2053.33	0	229	75.8333
18.0667	6.9	27.2	0	0	0	0.6	0	2048.51	0	230	70.65
20.3583	11.8	27.9	0	0	0	0.8	0	1894.39	0	231	66.4042
21.3375	14.1	29.7	0	0	0	0.7	0	1389.64	0	232	71.7625
20.9708	14.5	29.6	0	0	0	0.9	0	1345.97	0	233	79.5125
20.0167	11.1	29.1	0	0	0	1	0	1839.92	0	234	72.1
17.1542	12.6	24.3	0	0	0	0.9	0	934.38	0	235	90.0333
17.1625	12.6	22.8	0	0	0	1.5	0	1415.27	0	236	74.1542
15.7417	12.6	19.7	0	0	0	2.4	0	436.46	1.89	237	84.1542
13.4458	10.1	19.3	0	0	0	3.8	0	1381.36	5.67	238	83.8667
14.3542	8.3	20.8	0	0	0	2.3	0	1454.44	0	239	77.3167
16.375	10.6	22.4	0	0	0	1.6	0	1387.84	0	240	76.9792
19	12.5	26.2	0	0	0	2.2	0	1776.42	0	241	67.3875
17.0167	11.1	23.7	0	0	0	1	0	1217.74	0	242	80.4708
17.0542	8.3	26	0	0	0	0.9	0	1755.76	0	243	71.5
20.513	11.5	29.1	0	0	0	1.2	0	1760.38	0	244	62.3174
17.4167	11.1	22.4	0	0	0	0.8	0	748.91	0.42	245	78.8458
15.4958	8	21.3	0	0	0	1.4	0	1529.1	0	246	76.4083
14.6583	4.6	26.3	0	0	0	0.3	0	1653.48	0.11	247	77.8375
17.7833	6.5	28	0	0	0	0.6	0	1599.16	0	248	68.9875
18.9833	10.2	27.8	0	0	0	1.1	0	1623.78	0	249	63.3375
20.6833	9.9	30.6	0	0	0	1.2	0	1446.55	0	250	68.425
21.3667	15.2	28.6	0	0	0	1.7	0	1539.5	0	251	69.6417
19.9958	11.5	30.7	0	0	0	1.3	0	1315.19	0	252	75.7
18.7208	14.8	24.6	0	0	0	2.3	0	1064.23	0	253	82.7917
17.0958	15.8	19	0	0	0	2.4	0	291.17	37.38	254	88.8167
15.975	11.8	19.9	0	0	0	2.3	0	985.46	1.58	255	86.65
14.4292	9.8	21.1	0	0	0	0.5	0	1080.79	0	256	81.5833
14.5958	9.2	19.9	0	0	0	2.7	0	761.22	0.11	257	84.975
14.4542	11.3	19.1	0	0	0	3.6	0	753.55	6.41	258	84.125
11.025	5.7	15.6	0	0	0	0.9	0	614.52	8.93	259	88.4083
9.2583	2.8	17	0	0	0	0.8	0	1142.82	0	260	80.8417
10.7458	2.5	17.6	0	0	0	1.7	0	1257.84	0	261	77.5542
14.4708	11.6	19.5	0	0	0	0.5	0	570.49	0	262	83.275
14.2167	9.7	20.1	0	0	0	0.3	0	480.06	0	263	87.1125
13.4458	6.3	22.2	0	0	0	0.3	0	1026.72	0	264	82.8708
16.1958	11.1	22.8	0	0	0	0.6	0	1205.1	0	265	74.7333
14.2625	5.1	22.2	0	0	0	1	0	1185.55	0	266	79.8292
16.1958	8.9	24.4	0	0	0	0.3	0	1061.14	0	267	79.7833
16.0208	6.8	24.7	0	0	0	0.6	0	1098.25	0	268	80.3708
13.4458	9.2	17.9	0	0	0	0.5	0	358.16	12.81	269	94.0708
14.1292	9.5	19.2	0	0	0	1.5	0	778.18	1.78	270	87.8333
13.2375	8.3	17.5	0	0	0	1.6	0	578.7	7.04	271	91.4042
10.2208	8.1	14.1	0	0	0	2.4	0	369.58	2.63	272	91.975
11.675	8.6	16.8	0	0	0	2.2	0	832.36	1.78	273	83.8125
11.275	10.4	14.7	0	0	0	2.5	0	416.88	13.02	274	88.3208
10.6875	5.8	16.1	0	0	0	0.9	0	607.14	0.11	275	93.8958
9.3792	3.6	18.5	0	0	0	0.4	0	672.84	0.11	276	94.2417
10.1875	3.2	17.8	0	0	0	0.9	0	957.17	0	277	87.5167
13.075	9.1	19.7	0	0	0	1.3	0	907.34	0	278	87.8208
13.5333	6.1	22	0	0	0	0.6	0	878.15	0	279	87.3542
14.0167	7.2	21.2	0	0	0	0.6	0	877.57	0.11	280	83.8458
13.925	8.5	20.5	0	0	0	1	0	822.67	0	281	81.675
13.6208	8.6	19.8	0	0	0	1.1	0	698.83	0	282	84.375
13.9083	9.5	19.7	0	0	0	0.6	0	701.6	0	283	86.8042
13.6958	8.5	20.5	0	0	0	0.9	0	834.8	0	284	75.0875
13.0583	7.6	19.5	0	0	0	0.9	0	793.37	0	285	73.3917
11.3292	5.3	19.3	0	0	0	0.4	0	743.11	0	286	81.9042
9.2583	0.4	19.2	0	0	0	0.3	0	717.48	0	287	86.9208
9.3875	2.1	15.4	0	0	0	0.7	0	784.19	0	288	80.3583
6.1458	-1.2	14.4	0	0	0	0.6	0	733.68	0	289	85.3583
9.1375	4.7	14.2	0	0	0	0.9	0	533.41	0	290	85.3083
6.425	0.2	14.2	0	0	0	0.2	0	368.57	0	291	92.575
6.3524	-0.2	15.7	0	0	0	0.8	0	211.8	0	292	82.5524
10.1625	5.1	16.1	0	0	0	2.5	0	211.8	0	293	75.6375
10.6583	6.9	13.5	0	0	0	1.7	0	268.4	2.52	294	90.8292
13.3042	11.3	15.8	0	0	0	4.3	0	377.89	1.99	295	83.6917
10.0083	5.6	13.9	0	0	0	2.4	0	205.42	0.53	296	90.1625
7.5875	3.9	11.2	0	0	0	0.9	0	313.85	9.35	297	90.2042
13	9.7	14.5	0	0	0	5.3	0	176.44	16.38	298	92.3208
12.5375	9.6	15.2	0	0	0	5.3	0	354.13	3.04	299	84.9792
12.9333	9.4	19.7	0	0	0	0.9	0	425.66	0	300	90.4583
13.1542	9.3	18.3	0	0	0	1.4	0	552.89	0	301	80.8708
10.7292	7	16	0	0	0	1.4	0	495.86	0	302	78.3917
10.7458	6.7	18.5	0	0	0	0.7	0	511.34	0	303	84.9375
10.1833	6.1	16.3	0	0	0	0.6	0	500.54	0	304	82.2833
8.4417	5.9	10.7	0	0	0	1.7	0	100.48	7.79	305	91.9708
9.6125	5.9	12.6	0	0	0	1.7	0	402.88	0.24	306	91.6125
12.6875	9.1	16.9	0	0	0	2.9	0	399.89	2.36	307	91.2417
12.625	11.3	14.4	0	0	0	1.7	0	155.99	1.3	308	91.95
10.0333	6.8	12.3	0	0	0	3	0	280.98	2.36	309	89.7375
7.6583	4.8	12.4	0	0	0	3.1	0	382.97	0	310	89.475
6.85	3.2	9.1	0	0	0	1.7	0	225.97	8.38	311	95.5375
8.9708	6.8	13	0	0	0	1.5	0	397.01	0	312	93.3417
7.6208	4.5	11.5	0	0	0	1.1	0	329.33	0	313	89.775
7.825	4.6	11.5	0	0	0	2.7	0	341.03	0	314	90.3875
10.2333	9	11.8	0	0	0	4.1	0	53.89	1.18	315	95.3
9.8083	6.3	11.4	0	0	0	3.1	0	254.45	0	316	86.8833
6.1917	1.8	9.8	0	0	0	0.5	0	212.94	0	317	95.2792
5.8083	4.1	9.2	0	0	0	2.8	0	355.18	0	318	95.7875
5.5	3.1	7.2	0	0	0	5.3	0	94.5	9.32	319	94.3458
2.725	0.1	5.6	0	0	0	2.7	0	211.61	0.83	320	92.9958
0.3792	-0.7	2.8	0	0	0	2	0	220.18	0.12	321	98.7042
1.0146	-0.9	6.1	0	0	0	1.3	0	331.85	3.19	322	95.8792
0.7292	-2.3	5.8	0	0	0	1.4	0	311.72	1.18	323	95.0292
3.2583	1.1	8.1	0	0	0	1.9	0	200.05	0	324	92.625
1.5208	-2.9	6.7	0	0	0	0.9	0	302.54	0	325	89.8792
-0.2333	-4.3	6.5	0	0	0	0.3	0	296.28	0	326	89.0583
-1.525	-6.3	6.1	0	0	0	0.1	0	328.36	0	327	93.6833
-0.4333	-5.1	2.8	0	0	0	1.9	0	165.56	0	328	96.9458
0.1125	-1.7	2.8	0	0	0	3.4	0	94.18	0.35	329	90.7875
-1.3583	-3.5	2.4	0	0	0	1.4	0	198.9	0	330	84.7083
-2.8583	-6.4	3.3	0	0	0	0.3	0	276.08	0	331	90.4125
-2.9375	-7.1	0	0	0	0	0.7	0	159.08	0.12	332	97.9292
-0.0625	-1.9	1.3	0	0	0	2.3	0	159.37	0	333	95.8833
2.5708	1.1	3.6	0	0	0	3.9	0	93.17	0	334	94.4958
0.8875	-2.4	4.4	0	0	0	1.7	0	233.5	0	335	88.2083
-1.4042	-3.4	0.8	0	0	0	1.2	0	159.91	0	336	89.2
-0.6875	-2.5	0.6	0	0	0	1.4	0	85.43	0.35	337	90.45
1.225	-1.5	3.3	0	0	0	0.4	0	57.06	0	338	98.5917
4.4042	3.1	5.8	0	0	0	1.5	0	75.89	10.86	339	98.6917
3.3792	0.1	7.5	0	0	0	0.6	0	141.8	0.24	340	97.5458
1.3875	0	3.4	0	0	0	0.4	0	97.31	0	341	100
1.575	-0.6	3.9	0	0	0	0.5	0	97.78	0.83	342	100
2.1667	-1.4	5.6	0	0	0	0.6	0	211.46	0	343	92.7542
-0.175	-2	1.1	0	0	0	1.7	0	89.06	0	344	96.2417
3.5875	0.6	5.4	0	0	0	5.1	0	37.73	0.24	345	99.2
4.6958	0.1	8.2	0	0	0	2.8	0	179.68	0.12	346	94.9167
3.8292	0.4	7.2	0	0	0	2.5	0	182.56	0	347	95.8458
5.4875	4.3	6.9	0	0	0	3	0	92.81	1.3	348	96.5292
6.4458	4.8	8	0	0	0	6.9	0	140.08	1.06	349	83.7292
1.7125	-0.1	5.3	0	0	0	3.6	0	60.26	26.2	350	96.2083
-1.3167	-4.5	3.1	0	0	0	0.8	0	131.4	0.47	351	96.4083
-0.8417	-4.2	3.2	0	0	0	2.8	0	289.15	0.71	352	91.8917
0.0333	-3.9	3.7	0	0	0	2.3	0	103.1	1.42	353	98.9125
3.6333	0.3	7.1	0	0	0	3.4	0	56.41	5.31	354	95.4042
1.225	-1.2	3.9	0	0	0	1.6	0	101.45	0.24	355	96.7
4.7625	2.7	7.3	0	0	0	3.9	0	192.28	1.3	356	93.6167
4.9167	1.8	6.9	0	0	0	2.9	0	57.35	5.31	357	97.9875
7.0333	4.1	8.7	0	0	0	5.5	0	133.99	0.12	358	88.9
0.5333	-2.1	4.6	0	0	0	1.2	0	204.19	0	359	91.6167
-2.4625	-8.4	0.3	0	0	0	0.8	0	144.25	3.19	360	95.9833
-1.6792	-7.6	0.3	0	0	0	1.5	0	179.03	0.24	361	92.4542
-2.3708	-3.5	-1	0	0	0	1.3	0	112.36	1.3	362	89.3625
-1.1167	-3.4	0	0	0	0	3.3	0	90.22	6.14	363	99.7583
-2.6458	-9.2	0	0	0	0	3.5	0	150.98	0.83	364	95.225
-3.7875	-9	2.2	0	0	0	1.6	0	135.5	2.01	365	95.1583
