Tp_av	Tpmin	Tpmax	T_s10	T_s20	vappd	wind	sundu	radia	prec	tagesnummer	RF
C_deg	C_deg	C_deg	C_deg	C_deg	mm_Hg	m/se	hours	J/cmı	mm	jday	%
50	-----	-----	-----	-----	-----	2m	-----	------	--	0	0
6.14	4.2	7	0	0	0	7.2	0	144.2	5.12	1	88.4
4.6	2.8	5.8	0	0	0	5.1	0	136.2	4.27	2	90.8
4.9	3.4	7.2	0	0	0	4.5	0	151.9	3.05	3	91.5
7	5.6	8.1	0	0	0	5.5	0	59.7	4.39	4	94.9
7.1	6.1	8.1	0	0	0	4.9	0	117.8	0.98	5	88.5
6.9	5	8.5	0	0	0	2.8	0	137.4	0	6	92.5
4.7	1	7.5	0	0	0	2.7	0	161.1	2.68	7	96.1
6.5	4.9	7.9	0	0	0	4.3	0	104.4	1.34	8	88.5
10.3	5.1	13	0	0	0	5.6	0	47	0.24	9	85.3
11.6	6.7	13	0	0	0	6.4	0	89.6	8.05	10	77
5.6	3.5	7.4	0	0	0	7.6	0	33.8	10	11	86.7
7.8	6.5	10	0	0	0	7.9	0	201.7	2.44	12	79.3
9.8	5.9	12.1	0	0	0	6.5	0	101.8	0.61	13	78.9
7.9	5.7	10.6	0	0	0	8.3	0	201.7	0.61	14	74.6
5.1	3	6.6	0	0	0	4.5	0	190.4	0	15	86
4.5	1.3	7.3	0	0	0	4	0	60.1	0	16	91.1
8	6.2	9.8	0	0	0	5.2	0	95.3	1.95	17	89.9
7.2	4.7	11.7	0	0	0	6.6	0	47.2	25.25	18	87.9
6	4.7	7.8	0	0	0	5.7	0	131	4.03	19	84.7
7.4	4.1	11.5	0	0	0	5.4	0	56.2	14.4	20	88.1
5.2	2.6	6.7	0	0	0	6.9	0	79.3	9.39	21	83.5
1.5	-2.6	5.4	0	0	0	4.6	0	147.2	2.56	22	87.8
-3.9	-6.9	1.4	0	0	0	0.7	0	343.2	0	23	87.4
-2.6	-7.5	1	0	0	0	1.3	0	335	0	24	85.2
-2.8	-7.9	0	0	0	0	1.9	0	243.1	0	25	79.9
-1.7	-6.8	2.8	0	0	0	5.3	0	124.6	1.95	26	90.9
0.8	-2.6	3.7	0	0	0	3.6	0	346.1	0	27	70.6
3.5	0.1	6.8	0	0	0	5.8	0	65.9	6.95	28	93
3.8	-1.4	6.8	0	0	0	4.1	0	320.3	0	29	83.5
6	2.2	7.7	0	0	0	4.8	0	149	0.37	30	88
5.8	4.8	7.6	0	0	0	7.1	0	83	1.22	31	83.4
5.4	2.6	8.3	0	0	0	3.1	0	364.18	0.25	32	85.2542
6.4	4.7	7.6	0	0	0	3.7	0	109.08	3.69	33	96.3833
5.9	3.9	8.6	0	0	0	4.7	0	399.31	0	34	85.325
5.5	2.3	7.6	0	0	0	3.6	0	294.05	0	35	88.1917
3.3	0.4	6.2	0	0	0	3.8	0	271.33	0	36	85.0875
0.9	-0.4	3.2	0	0	0	2.8	0	260.57	0.12	37	92.4958
0.1	-3.4	5.6	0	0	0	0.6	0	411.41	0	38	88.9208
-0.9	-3.5	1.2	0	0	0	1.4	0	178.27	0	39	91.5917
-0.4	-1.4	0.4	0	0	0	2.3	0	205.67	0.12	40	89.0958
-1.2	-4	2.5	0	0	0	1.9	0	470.52	0	41	75.4292
-4	-6.2	-1.6	0	0	0	1.8	0	230.29	0.25	42	85.4292
1.8	-1.7	6.6	0	0	0	0.8	0	281.52	8.24	43	96.35
4.1	3	6.2	0	0	0	1.7	0	119.27	1.97	44	98.3375
4.6	2.3	8.1	0	0	0	1	0	247.72	0.74	45	94.8125
3.5	2.7	4.2	0	0	0	1.9	0	133.99	8.24	46	93.8625
3.3	2.3	5.5	0	0	0	2	0	192.24	0	47	85.9958
4.2	2.2	7.5	0	0	0	2.5	0	442.69	0	48	72.975
3.6	-0.3	8.7	0	0	0	2	0	512.28	0	49	81.8833
3.8	2	5.1	0	0	0	1.3	0	184.93	0	50	85.8583
3.9	1.4	8.2	0	0	0	0.2	0	402.59	0	51	75.7125
3.8	2.3	5.7	0	0	0	2	0	234.11	3.44	52	79.575
3.8	0	7.8	0	0	0	1.8	0	141.01	6.89	53	97.6167
-1.8	-2.8	0.4	0	0	0	1.6	0	147.78	1.97	54	95.1542
0.3	-2.6	4.1	0	0	0	2.4	0	405.22	0.12	55	83.6208
6.1	2.5	10.4	0	0	0	2.2	0	396.36	4.43	56	90.1208
4.5	2.9	6.4	0	0	0	2.4	0	164.12	5.41	57	95.9667
3.6	1.7	7.2	0	0	0	4	0	494.14	1.35	58	81.85
6.3	0.9	10.8	0	0	0	4	0	319.68	9.47	59	92.725
6.6	4.6	9.5	0	0	0	3.8	0	317.27	3.21	60	89.3792
5.2	3.9	7	0	0	0	3.5	0	315.76	2.86	61	89.825
5	1.8	8.9	0	0	0	1.2	0	544.54	0	62	87.7375
4.7	1.2	11.1	0	0	0	0.9	0	657.5	0	63	86.4292
5.2	1.3	8.3	0	0	0	2.5	0	299.95	0.12	64	86.85
7.4	3	11.4	0	0	0	3.6	0	422.1	0.83	65	78.3167
9	6.7	13.6	0	0	0	2.6	0	512.6	2.5	66	84.6833
6.8	3.4	9	0	0	0	2.8	0	285.59	0	67	88.3167
6.6	2	12.1	0	0	0	2.9	0	634.68	2.02	68	86.9167
6.6	3.3	11.2	0	0	0	3.4	0	684.9	0	69	82.3833
9.5	6.5	15.2	0	0	0	4	0	893.92	0	70	78.2583
10.3	2.8	18.5	0	0	0	1.2	0	1005.05	0	71	74.175
8.4	1.9	16.8	0	0	0	0.9	0	937.58	0	72	82.0042
5.8	1.2	11.8	0	0	0	2.1	0	626.65	0	73	87.1083
7.1	2.2	12.8	0	0	0	2.4	0	956.63	0	74	83.575
6.9	4.5	10.6	0	0	0	2.8	0	297.04	0	75	83.5
7	3.4	10.8	0	0	0	6.6	0	830.45	3.45	76	74.4708
7	2.9	9.1	0	0	0	7.5	0	434.02	5	77	81.8333
3.6	1.2	7.8	0	0	0	5.7	0	586.12	0.12	78	77.6792
3.6	-0.3	9.4	0	0	0	2.5	0	958.86	0	79	80.5583
2.5	0.4	3.6	0	0	0	3.2	0	187.6	10.35	80	93.7583
3.9	2.4	5.4	0	0	0	3.8	0	79.42	10.71	81	97.875
5.8	2.3	11.1	0	0	0	3.6	0	913.97	3.21	82	81.9042
8.5	5.4	13.6	0	0	0	3.7	0	1006.27	0.24	83	77.1125
8.9	1.8	16.9	0	0	0	2.6	0	1128.42	0	84	67.15
7.8	-0.5	17	0	0	0	1.3	0	1142.17	0	85	72.6542
8.7	1.9	16.9	0	0	0	1.6	0	1209.28	0	86	64.0958
9	-0.9	18.8	0	0	0	1	0	1178.32	0	87	67.0292
10.6	4.5	16.7	0	0	0	1.5	0	1112.62	0	88	57.1042
9.1	3.4	16.4	0	0	0	1.2	0	1007.75	0	89	64.1417
8	-1	17	0	0	0	1.7	0	1027.37	0	90	67.1458
7.8	-0.4	16.3	0	0	0	1.6	0	1099.37	0	91	70.6208
7.9	-1	19.1	0	0	0	0.4	0	1141.38	0	92	73.0583
4.8	1.3	8	0	0	0	2.2	0	388.33	0.66	93	86.3292
5.3	-3	12.9	0	0	0	1.3	0	1218.71	0	94	70.275
8.9	4.1	14	0	0	0	5.4	0	997.52	0	95	76.575
8.5	5.6	12	0	0	0	4.3	0	1352.45	0	96	73.0958
7.1	2.7	11.2	0	0	0	3.5	0	1344.2	0	97	70.8833
8.4	4.1	12.9	0	0	0	4.7	0	649.37	0	98	71.9333
9.7	8	12.2	0	0	0	5.1	0	514.26	0.55	99	78.2375
10.6	6.5	14.7	0	0	0	4.1	0	1201.54	0.44	100	76.5625
11.5	6.5	17.7	0	0	0	3.4	0	1316.7	0	101	78.0208
10.7	3.5	18.9	0	0	0	1	0	1542.92	0	102	81.1042
11.4	2.4	19.7	0	0	0	1.4	0	1419.8	0	103	73.6167
13.2	2.8	23.4	0	0	0	1.1	0	1652.72	0	104	63.1708
14	3	24	0	0	0	0.7	0	1623.56	0	105	62.9458
16.6	6.1	26.3	0	0	0	1.2	0	1640.23	0	106	58.4583
11	5.8	15	0	0	0	1.9	0	1164.85	0	107	69.8583
8.1	3.2	12.9	0	0	0	4.2	0	1402.2	0	108	68.3625
8.1	1.7	16	0	0	0	5.2	0	1103.9	0.33	109	72.1875
6.2	3.6	9.7	0	0	0	4.9	0	927.9	0	110	56.3917
5.3	-0.2	10.9	0	0	0	1.4	0	1306.33	0	111	67.8167
8.5	-3.2	17.9	0	0	0	1.1	0	1664.64	0	112	61.7958
13.9	4.3	21.6	0	0	0	0.5	0	1477.22	0	113	54.1
15	7.6	23.9	0	0	0	0.2	0	1489.36	0	114	72.3833
15.5	7.6	24.9	0	0	0	0.4	0	1525.46	0	115	72.2792
17.7	7.7	26.6	0	0	0	0.3	0	1878.7	0	116	56.6458
16.8	5.3	27.3	0	0	0	0.5	0	1858.75	0	117	60.6333
13.1	6.7	20.6	0	0	0	1.7	0	1851.08	0	118	69.35
8.7	1.5	13.9	0	0	0	2.3	0	1998.4	0	119	55
8.6	-1	17.7	0	0	0	1.5	0	1889.42	0	120	65.2083
9.5	-1.7	18.4	0	0	0	0.3	0	1796.98	0	121	56.8375
13.2	6.5	20	0	0	0	0.9	0	1997.17	0	122	59.7625
9.9	1.7	18.5	0	0	0	1	0	1713.56	0	123	68.5333
12.1	-0.1	22.4	0	0	0	0.5	0	2059.42	0	124	58.4583
13.3	0.6	24.2	0	0	0	0.4	0	2060.75	0	125	58.725
15.5	3.5	26.1	0	0	0	1	0	1935.11	0	126	59.7292
11.5	9.8	14.3	0	0	0	2.2	0	864.58	1.26	127	84.4667
11.2	6.7	16.9	0	0	0	3.9	0	1376.17	9.35	128	80.3229
10.8	5.9	15.6	0	0	0	4.8	0	1672.06	0.95	129	72.9333
11.6	5.7	18	0	0	0	2.8	0	1185.98	5.88	130	78.45
11.5	8.5	15.9	0	0	0	4.5	0	1396.99	3.89	131	90.3
10.5	5.6	15.2	0	0	0	2.9	0	1608	1.05	132	87.1542
15.6	9.8	21.3	0	0	0	3.2	0	1819.5	0	133	73.0042
17.4	12	22.7	0	0	0	3.1	0	2030.99	0.32	134	68.2042
11.6	5.9	16.2	0	0	0	1.6	0	1293.88	0	135	69.6708
11	4.7	18.9	0	0	0	2.2	0	1298.66	4.73	136	79.2417
9.9	6.8	14.6	0	0	0	4	0	1513.08	3.26	137	76.9125
12.6	5	19.1	0	0	0	2.3	0	2288.34	0	138	68.5167
14.4	10.9	20.2	0	0	0	1.7	0	687.89	2.21	139	82.2042
15.2	8.2	22.7	0	0	0	0.7	0	1418.44	0	140	78.8292
20.8	10.6	30.7	0	0	0	0.7	0	2034.86	0	141	71.575
17.8	12.8	22.6	0	0	0	1.1	0	1728.54	0	142	81.5292
15.6	8.5	20.1	0	0	0	1.3	0	2220.88	0	143	69.9833
16.9	5.3	25.9	0	0	0	0.6	0	2221.49	0	144	69.7333
18.7	11.1	27.8	0	0	0	0.7	0	1595.81	4.73	145	83.4833
17.7	12.5	25.5	0	0	0	0.9	0	1473.48	0	146	82.9417
16.9	12.1	25.5	0	0	0	1.3	0	1213.92	24.68	147	88
17.2	13.1	23.2	0	0	0	1.3	0	1398.85	2.73	148	87.9667
15.5	12.3	19.4	0	0	0	1.6	0	536.94	19.22	149	95.3583
13.2	9.6	18.5	0	0	0	2.5	0	1281.64	0.21	150	79.5458
15.3	6.7	21.9	0	0	0	0.7	0	1824.01	0	151	68.4542
16.6	9.1	23.5	0	0	0	1.2	0	2080.91	0	152	68.9917
13.6	10.1	16.8	0	0	0	1.5	0	557.93	0	153	88.8833
14.8	10	18.9	0	0	0	1.9	0	991.26	0	154	82.0542
15.6	13	20.8	0	0	0	0.8	0	664.96	0	155	86.8458
16	12.3	22.8	0	0	0	0.9	0	770	9.55	156	92.55
20	12.5	27.3	0	0	0	0.8	0	1971.07	0.11	157	78.8167
21.4	12.6	28.9	0	0	0	1	0	2160	0	158	76.0167
22.1	14.6	29.7	0	0	0	1	0	2324.34	0	159	68.5167
21.2	12.2	29.1	0	0	0	1.3	0	2415.78	0	160	61.0792
21.1	10.4	29.3	0	0	0	0.9	0	2507.04	0	161	53.8875
21.2	9.4	30.2	0	0	0	0.1	0	2412.43	0	162	57.5167
21.4	12.4	28	0	0	0	1.3	0	2321.68	0	163	68.9125
18.4	13.5	23.9	0	0	0	1.8	0	1153.62	0.42	164	78.0292
17.8	12.9	25.4	0	0	0	1.1	0	1582.38	1.16	165	80.7208
15.8	12.8	19.5	0	0	0	1.6	0	616.61	1.47	166	88.7333
15.9	13	21.3	0	0	0	2	0	1176.48	53.34	167	91.2125
16.3	11.9	22.7	0	0	0	2.1	0	1887.3	6.93	168	83.8167
15.7	10.9	24.4	0	0	0	0.5	0	1106.14	4.51	169	88.325
17.9	11.7	25.3	0	0	0	0.7	0	1847.77	0.11	170	78.8167
20.3	13.9	27.5	0	0	0	0.8	0	1956.2	1.47	171	75.0333
16.2	13.1	18.9	0	0	0	1.5	0	617.11	24.99	172	93.4792
17	12.5	23.3	0	0	0	2	0	1941.19	16.59	173	82.3417
16.6	13.1	21.3	0	0	0	1.9	0	1653.48	0.63	174	83.1417
17.7	12.9	23.5	0	0	0	1.6	0	1876.72	4.83	175	80.3125
19.7	14.9	27.3	0	0	0	0.9	0	1240.78	0.42	176	78.0208
14.8	11.7	20.2	0	0	0	4.3	0	1453.03	19.43	177	82.1208
12	10.6	13.6	0	0	0	6.6	0	783.68	11.13	178	84.3083
13.8	9.1	19	0	0	0	3.5	0	1425.56	0.84	179	79.3083
14	8	18.8	0	0	0	2.7	0	1319.51	0.84	180	80.2
15.2	10	19.9	0	0	0	3.1	0	1610.71	3.15	181	78.4167
15.9	8.4	22.5	0	0	0	0.7	0	1412.39	0.53	182	80.5542
18.4	14.7	22.2	0	0	0	1.2	0	1100.34	6.83	183	87.5375
16.6	13	23.6	0	0	0	1.8	0	1661.36	10.61	184	87.175
14.9	11.4	20.2	0	0	0	0.8	0	1069.2	0.32	185	87.475
15.4	12.8	19.6	0	0	0	3.3	0	1316.7	0.32	186	84.6542
15.5	12.5	20.2	0	0	0	3.7	0	1206.22	5.04	187	83.075
15.7	13.3	20.3	0	0	0	4.5	0	1746.72	11.97	188	84.7625
16.6	11.5	21.6	0	0	0	3	0	1873.73	0	189	73.1542
14.5	8.9	21.5	0	0	0	0.6	0	1642.03	0.63	190	80.7417
15.1	11	22.2	0	0	0	1	0	1806.88	1.58	191	78.9833
12.8	9	16.1	0	0	0	2.5	0	820.19	10.08	192	93.4292
15.1	11.8	19	0	0	0	2.3	0	1298.7	3.78	193	85.8542
17.5	13.1	22.4	0	0	0	0.9	0	1130.87	0.53	194	85.7917
22.4	14.5	30.1	0	0	0	1.5	0	2264.98	0	195	74.2375
22.3	14.5	31.6	0	0	0	0.3	0	2389.1	0	196	70.1625
26	15.6	36.6	0	0	0	0.1	0	2427.8	0	197	64.7083
22.1	16.5	26.3	0	0	0	1.6	0	1842.44	0.95	198	70.45
19.6	12.6	27.9	0	0	0	0.7	0	1839.38	0	199	71.8792
18.9	11.7	25.2	0	0	0	0.2	0	2046.78	0	200	73.0167
20.8	12.9	28.3	0	0	0	0.4	0	2090.77	0	201	67.2958
20.1	14.5	26.6	0	0	0	1.4	0	2183.58	0	202	69.6167
15.6	13.1	17.5	0	0	0	0.6	0	563.98	20.9	203	91.125
17.1	11.9	24.2	0	0	0	1	0	1832.87	0.11	204	76.7417
16.8	14.1	22.3	0	0	0	1	0	1206.32	10.71	205	84.1833
16.9	13.3	22.2	0	0	0	2.7	0	1616.62	5.46	206	78.275
19.2	13	25.8	0	0	0	1.4	0	1623.78	0.32	207	75.5042
17.3	13.4	22.1	0	0	0	2.8	0	1451.92	1.58	208	81.8917
16.9	11.7	23.1	0	0	0	2.5	0	1540.98	0	209	78.5375
13.8	11.2	19	0	0	0	2.2	0	849.89	3.57	210	84.9708
12.7	9.5	15.8	0	0	0	4.4	0	1121.87	3.15	211	88.0625
14.4	10.9	19	0	0	0	4	0	1375.49	0	212	74.25
16	10.1	22.5	0	0	0	1.8	0	1759.61	0	213	74.8875
16.3	10.3	24.1	0	0	0	0.6	0	1060.09	9.45	214	79.1583
16.2	11.1	20.9	0	0	0	2.2	0	1808.93	0.73	215	78.8625
17.6	9.2	26.1	0	0	0	0.5	0	1940.11	0	216	71.0667
21.1	12.5	29	0	0	0	0.6	0	2175.7	0	217	65.0708
20.9	13.1	27.2	0	0	0	1	0	2211.26	0	218	64.9208
21.1	12.9	30	0	0	0	0.8	0	1841.76	0	219	72.9
19.8	15.5	28	0	0	0	0.6	0	1501.16	46.83	220	85.1125
21.6	14.8	29.1	0	0	0	1.3	0	1901.41	0.21	221	79.7042
19	17.8	20.8	0	0	0	1.2	0	431.24	1.58	222	94.8708
19.4	17.4	22.5	0	0	0	1.4	0	813.78	0.11	223	92.7417
17.6	12.6	22.6	0	0	0	1.2	0	759.92	62.27	224	88.4542
18.1	11.2	25.7	0	0	0	0.7	0	1390.32	0	225	82.1083
19	12.2	25.6	0	0	0	0.4	0	1818.68	0.11	226	73.7375
21.6	15.9	28.2	0	0	0	2.8	0	1144.6	0	227	70.8021
18.5	12.9	23.6	0	0	0	3.2	0	1298.81	12.71	228	83.4292
14.5	11	20.7	0	0	0	2.1	0	1262.84	14.07	229	82.675
15.5	9.3	22.2	0	0	0	1.1	0	1616.65	0.21	230	78.0417
18.9	12.5	26	0	0	0	0.5	0	1590.01	0	231	69.65
20.6	14.5	28	0	0	0	0.6	0	1639.73	0	232	72.6958
19	15.5	23.6	0	0	0	1.7	0	787.9	3.46	233	88.75
17.3	13.5	25.1	0	0	0	0.2	0	648.97	13.02	234	93.8667
18.1	12	26.3	0	0	0	0.5	0	1780.99	0.32	235	83.625
18.1	12.6	24.9	0	0	0	0.9	0	1420.63	0	236	86.1
18	14.4	23.3	0	0	0	1.6	0	1015.74	0	237	84.2
17.2	12.3	22.9	0	0	0	2.7	0	1409.62	0	238	76.9667
15	12	19.9	0	0	0	3	0	1091.84	2.1	239	74.9708
13.1	8.6	18.4	0	0	0	2.3	0	1509.41	0	240	74.7458
12.2	6.1	18.8	0	0	0	1.1	0	1336.68	0	241	74.4542
12.2	7.2	16.6	0	0	0	2.4	0	638.06	3.46	242	89.7875
13.6	12	15.6	0	0	0	2.2	0	484.96	7.56	243	94.0292
14.5	12.2	18.7	0	0	0	2.4	0	957.35	0.11	244	85.9333
15.9	13	20	0	0	0	3	0	1046.7	0.53	245	82.4875
13.6	9.8	17.2	0	0	0	2.4	0	1142.75	6.09	246	81.625
10.6	6.9	16.5	0	0	0	2.6	0	879.37	11.55	247	83.5
12	6.5	18.4	0	0	0	0.9	0	1562.36	0.11	248	78.8083
13.4	7.8	18.6	0	0	0	1.3	0	962.89	0	249	86.9208
15.1	10.9	19	0	0	0	2.1	0	993.71	0	250	83.3417
15.2	13.5	18.5	0	0	0	3.2	0	647.82	0.21	251	84.2917
14.9	11.1	18.8	0	0	0	2.8	0	1415.77	0	252	77.0333
12.2	9.6	16.8	0	0	0	2.5	0	687.74	14.18	253	88.25
13.1	8.5	18.5	0	0	0	1.1	0	963.22	0.53	254	88.6875
13.6	9.6	18	0	0	0	2.3	0	649.76	0.11	255	85.3917
12.4	10.8	14.3	0	0	0	1.4	0	648.9	0	256	78.4208
13.1	8.4	18	0	0	0	2	0	1068.84	3.36	257	79.6917
11.7	8.8	15.8	0	0	0	4	0	1230.91	0	258	72.3917
14.5	9.5	20.1	0	0	0	2.5	0	1333.15	0	259	73.6375
15.2	11.9	20	0	0	0	1.7	0	635.08	0.73	260	84.8042
11.5	7.2	14.6	0	0	0	2.3	0	682.34	6.83	261	85.1083
10.2	5.5	15.8	0	0	0	2.8	0	935.46	0	262	80.1708
13.1	9.4	17.4	0	0	0	3.4	0	496.33	0.21	263	81.1792
15.7	12.3	20.2	0	0	0	2.8	0	920.09	0	264	75.4167
14.1	10	21.1	0	0	0	1.2	0	610.34	0	265	85.5
15.8	8.6	24	0	0	0	0.6	0	1175.83	0	266	80.7125
17.5	10.2	24.7	0	0	0	1.9	0	1155.96	1.68	267	74.725
13.1	10.2	17.7	0	0	0	1.4	0	723.35	10.71	268	84.6917
12	8	16.7	0	0	0	1.2	0	763.63	0	269	84.9792
12.2	7.2	16.5	0	0	0	2.5	0	570.82	1.16	270	90.7583
14.3	13.1	15.4	0	0	0	3.3	0	169.78	8.19	271	92.7792
12.5	10.9	13.9	0	0	0	1.4	0	295.78	2.42	272	95.0625
12.9	11	16.6	0	0	0	3	0	574.2	0.11	273	90.6292
12	8.7	17.3	0	0	0	0.9	0	674.32	0	274	88.8958
10.5	4.6	18.9	0	0	0	0.4	0	746.86	0	275	87.7958
9.3	2.3	18.4	0	0	0	0.3	0	912.74	0	276	85.7833
11.6	7.1	15.9	0	0	0	0.5	0	473.76	0.42	277	89.3167
11.5	6.5	18.2	0	0	0	1	0	493.2	0.63	278	92.6292
9	4.2	17.6	0	0	0	0.2	0	512.17	0.11	279	91.8083
8.7	2.2	16.6	0	0	0	0.4	0	715.86	0.11	280	91.8208
9.8	7	13.7	0	0	0	1.2	0	514.66	0	281	83.9417
9.2	8.1	10.8	0	0	0	0.6	0	259.45	0	282	77.8417
8.6	5.7	12.2	0	0	0	0.1	0	468.79	0	283	77.9125
9.8	5.8	12.7	0	0	0	1.5	0	324.5	0	284	86.8333
11.9	8.9	15	0	0	0	3.6	0	581.72	0.32	285	83.0542
7.8	1.4	14.6	0	0	0	0.4	0	805.28	0	286	73.1708
6.7	-0.2	15.1	0	0	0	0.8	0	795.92	0	287	79.3125
9.4	1.3	17	0	0	0	1	0	775.4	0	288	73.8917
12.7	8.5	18.1	0	0	0	1.8	0	497.48	0	289	83.0125
11.6	9.4	15.6	0	0	0	1.7	0	216.04	8.4	290	90.2792
7.8	5.5	12	0	0	0	2.4	0	505.51	1.37	291	85.3583
5.9	1.6	10.5	0	0	0	1.4	0	564.08	1.26	292	80.4042
4.7	-1.3	10.9	0	0	0	0.6	0	476.78	0	293	85.225
5.5	-0.7	10.2	0	0	0	0.8	0	603.86	0	294	80.0042
2.3	-3.5	9.8	0	0	0	0.3	0	653.9	0	295	85.1292
5.1	-1.5	10.6	0	0	0	1.2	0	270.04	0	296	88.45
8.7	7.6	10.1	0	0	0	2	0	172.51	0	297	81.8292
8.3	6.5	9.6	0	0	0	1.1	0	139.82	0.11	298	85.6833
7.7	6.4	10.8	0	0	0	0.7	0	267.05	0	299	87.4833
8	6.7	9.6	0	0	0	0	0	79.24	0	300	94.925
7.3	4.1	10.7	0	0	0	2.1	0	514.4	0	301	90
6.8	5	9.2	0	0	0	1.7	0	149.94	14.81	302	91.7417
7.6	3.7	10.9	0	0	0	0.3	0	216.5	11.87	303	98.2417
6.9	2.5	11.2	0	0	0	1.7	0	249.34	0	304	93.3125
10.8	9.4	12.1	0	0	0	3	0	157.36	0	305	90.35
10.3	4.2	12.2	0	0	0	0.3	0	188.71	1.65	306	96.1417
9.8	4.7	13.6	0	0	0	3	0	242.17	1.06	307	90.3625
7.7	0.3	12	0	0	0	2	0	377.86	0.24	308	84.9208
3.8	-2.5	10	0	0	0	1.7	0	434.23	0.94	309	91.775
6.2	3.4	8.3	0	0	0	4.1	0	243.36	8.26	310	83.725
7.3	3.1	11	0	0	0	5.4	0	223.02	6.14	311	84.4083
8.4	5.7	10.9	0	0	0	4.1	0	312.3	2.01	312	85.7667
5.5	3.7	7.7	0	0	0	5.4	0	163.33	5.19	313	83.5125
3.4	1.3	6.5	0	0	0	3.2	0	254.09	0.59	314	81.0125
2.4	-0.6	6.7	0	0	0	2.2	0	226.98	0.59	315	88.425
2.5	-0.8	8.1	0	0	0	2	0	276.34	1.89	316	89.7208
2.1	-0.6	6.5	0	0	0	1.9	0	347.69	1.89	317	89.1542
1.4	-1.2	4.8	0	0	0	2	0	290.3	0.35	318	88.1292
1.8	-1	6.7	0	0	0	1.1	0	272.81	0	319	89.7042
3.1	0.7	6.7	0	0	0	2.5	0	172.69	0.12	320	92.2958
6.3	5.8	7.1	0	0	0	1.9	0	86.8	0.47	321	95.8167
5.5	2.4	6.7	0	0	0	0.5	0	114.91	0.59	322	97.3708
2.1	0.5	5.2	0	0	0	1.3	0	242.93	0	323	89.0708
2	0.7	3.8	0	0	0	0.7	0	152.78	0	324	95.3
2.6	1.3	5.3	0	0	0	1.4	0	203.15	0	325	89.0875
4.8	1.9	9.2	0	0	0	0.8	0	230.44	0	326	92.2583
4.8	1.4	8.2	0	0	0	2	0	123.84	0	327	94.4083
2.8	0.6	4.5	0	0	0	3.3	0	151.24	0.59	328	87.3875
4.4	1.4	7.4	0	0	0	5.1	0	183.56	4.48	329	88.7542
2.6	1	5	0	0	0	4.6	0	245.99	3.89	330	72.1292
1.4	-2	4.8	0	0	0	2.1	0	185.26	0	331	78.8458
0.9	-3	4	0	0	0	1.9	0	172.12	0	332	89.6042
3.6	1.3	5.5	0	0	0	4.2	0	115.92	0.35	333	86.775
5.6	4.1	7.2	0	0	0	3.9	0	124.6	0.83	334	92.7917
7.1	5.2	10.1	0	0	0	4.6	0	93.1	4.72	335	88.375
6.4	5.2	8.6	0	0	0	4.7	0	124.52	15.22	336	90.4708
6.2	4.2	8.9	0	0	0	5.7	0	107.24	2.95	337	89
5.3	3.8	8	0	0	0	3.8	0	221.83	0.47	338	88.5667
7.6	5	10.3	0	0	0	4.4	0	64.91	1.06	339	92.2458
9	7.8	10.3	0	0	0	4.7	0	102.06	0.83	340	88.5625
8.5	6.2	12.2	0	0	0	6.2	0	51.44	24.78	341	94.2875
5.8	3.9	7.2	0	0	0	5.7	0	106.34	0.35	342	86.0708
4.2	2	6.8	0	0	0	2.8	0	61.42	7.43	343	94.2792
2.6	1.1	4.7	0	0	0	0.6	0	104.65	0	344	99.5333
4	1.8	5.8	0	0	0	1.4	0	49.32	0.12	345	95.7083
4.3	3.5	5.1	0	0	0	1.9	0	36.68	0	346	91.3417
3.1	0.8	4.8	0	0	0	0.4	0	88.92	0	347	79.4333
2.6	1.5	3.4	0	0	0	0.8	0	37.33	0	348	86.8042
0.9	-3.7	3.1	0	0	0	0.2	0	87.19	0	349	91.6
-0.6	-4	2.1	0	0	0	0.3	0	89.32	0	350	91.2917
2	0.5	3	0	0	0	0.8	0	102.46	0	351	83.1708
1.4	0.7	2.2	0	0	0	0.4	0	50.15	0	352	87.6458
0.4	-0.7	1.1	0	0	0	1	0	45.22	0	353	89.9667
-0.4	-1.9	0.9	0	0	0	2.1	0	42.55	0	354	98.2583
-3.3	-5	-0.9	0	0	0	1.2	0	91.51	0	355	99.1625
-5.6	-6.3	-4.7	0	0	0	1.1	0	88.78	0	356	97.6042
-3.1	-5.8	-0.3	0	0	0	0.5	0	88.49	0	357	98.9083
0.5	-0.3	1.8	0	0	0	1.5	0	84.82	0	358	100
0.1	-0.3	0.5	0	0	0	3.4	0	130.75	0	359	96.6333
0.9	-0.7	2.5	0	0	0	2.4	0	103	0	360	87.5729
2	1.2	3.2	0	0	0	4	0	100.19	0	361	92.5708
5	3.1	7.2	0	0	0	4.4	0	99.4	0	362	88.1208
3.2	1.2	5	0	0	0	4.3	0	83.2	0	363	85.575
3	0.7	5.2	0	0	0	2.9	0	100.15	0.24	364	92.5167
2.2	-0.5	5.6	0	0	0	1.3	0	194.36	0	365	94.8958
-3.8	-7.8	-0.2				0.3812		126	0		93.53
