Tp_av	Tpmin	Tpmax	T_s10	T_s20	vappd	wind	sundu	radia	prec	tagesnummer	RF
C_deg	C_deg	C_deg	C_deg	C_deg	mm_Hg	m/se	hours	J/cmı	mm	jday	%
50	-----	-----	-----	-----	-----	2m	-----	------	--	0	0
1.4	0.2	2.8	0	0	0	1.5	0	70.9	0.37	1	92.2
0.3	-1.7	2.5	0	0	0	1.4	0	155.8	0.12	2	88.1
-4.3	-5.7	-1.7	0	0	0	2.2	0	56.6	0	3	80
-5.6	-7	-3.6	0	0	0	2	0	167.8	0	4	75
-1.1	-4.6	1.8	0	0	0	2.5	0	86.2	0.73	5	83
1.6	0.5	2.8	0	0	0	1	0	67	1.95	6	97.4
2.3	-0.1	4.6	0	0	0	2.8	0	53	5.49	7	96.4
4.6	2.4	5.7	0	0	0	4.3	0	126.8	0	8	86.9
2.8	1.4	4.7	0	0	0	3	0	137	1.71	9	90.9
4.1	1.9	6.5	0	0	0	4.4	0	227.6	0	10	86
7.8	5.5	9.9	0	0	0	3.9	0	112.5	0	11	81.9
6	3.2	8.5	0	0	0	3.4	0	181.6	0	12	76.8
3.5	0.2	6.8	0	0	0	3	0	240.4	0	13	83.5
1.9	-1.2	4.4	0	0	0	2	0	200.4	0	14	88.5
6	3.4	8.7	0	0	0	3.8	0	203.9	1.59	15	81.6
7.3	4	9.7	0	0	0	3.8	0	171.5	1.95	16	77.9
4.7	2.4	7.5	0	0	0	2.3	0	182.3	0.24	17	92.2
6.6	5.1	8	0	0	0	4.2	0	106.3	6.22	18	89.5
8.7	3.9	11.9	0	0	0	5.2	0	124.7	1.59	19	87.9
4.9	3.4	7.6	0	0	0	1.4	0	56.3	13.79	20	98.3
5.7	1.1	7.5	0	0	0	2.6	0	91.4	14.15	21	94.5
1.1	-0.9	4.1	0	0	0	2.2	0	191.4	8.17	22	89.5
2.1	-0.9	5	0	0	0	2.9	0	162.8	2.07	23	95.3
7.3	5	8.9	0	0	0	4.6	0	70.2	3.9	24	95
5.4	2.8	8.5	0	0	0	6.7	0	220.9	0	25	81.6
7.7	5.2	9	0	0	0	7.9	0	60.9	3.17	26	80.9
5.6	1.1	8.6	0	0	0	4.3	0	159.6	0.73	27	86.1
4.9	0	7.7	0	0	0	1.8	0	106.8	0	28	97.1
6.4	5.1	8	0	0	0	2.9	0	185.7	0	29	87.2
4.7	2.6	5.7	0	0	0	3.6	0	71.4	0.61	30	88
2.1	0.2	3.6	0	0	0	5.3	0	204.2	0.61	31	86.3
4.6	2.5	6.6	0	0	0	7.1	0	182	1.35	32	78.1
2.7	0.4	5.9	0	0	0	5.2	0	347.8	1.6	33	80.6
1.8	0.2	5.2	0	0	0	3.5	0	387.3	0	34	76.5
3.1	-0.9	8.6	0	0	0	1.6	0	398	0	35	76.9
4.7	1.5	6.7	0	0	0	3.9	0	287.5	1.23	36	85.6
6.9	4.6	9.1	0	0	0	5	0	217.5	10.21	37	89.1
5	2.4	8	0	0	0	4.7	0	350.8	0	38	79.7
6.3	3.8	9.1	0	0	0	1.9	0	219.3	0	39	88.4
6.9	2	12.9	0	0	0	0.8	0	473.2	0	40	84.9
5.7	0.7	12	0	0	0	0.8	0	432.7	0	41	81.7
2.6	-0.3	4.1	0	0	0	0.3	0	133.1	0	42	97.1
3.3	-2.1	6.7	0	0	0	0.6	0	299.5	0	43	85.6
0.4	-3	2.3	0	0	0	1	0	87	0	44	95.8
2.2	-3.2	5.3	0	0	0	0.9	0	226	0	45	87.8
-1	-4.1	3.7	0	0	0	1.3	0	567.2	0	46	70.6
-1.5	-6.4	5.7	0	0	0	0.4	0	583.2	0	47	74
-0.2	-4.1	3.7	0	0	0	3.3	0	404.1	0	48	78.5
5.7	3.2	7.4	0	0	0	4.7	0	105.6	0.12	49	92.7
5.1	3.7	6.1	0	0	0	2.8	0	145.8	1.11	50	96.3
4.9	0.9	8.7	0	0	0	1.5	0	504	0	51	89.2
4.1	0.4	7.9	0	0	0	3.7	0	300.5	1.72	52	89.6
8.9	6.7	10.3	0	0	0	7.4	0	134.8	3.08	53	91.6
7.3	5.4	9.6	0	0	0	6.2	0	501.3	0	54	71.3
8.7	7.3	9.5	0	0	0	4.4	0	169.7	0	55	79.8
6.5	3.8	9.2	0	0	0	3.8	0	621.1	6.52	56	82.3
7.6	4	12	0	0	0	4.5	0	238.8	3.44	57	84.9
6.2	5	8.1	0	0	0	6.3	0	345.4	2.46	58	84.7
5.7	2.9	9.5	0	0	0	4	0	619.8	0	59	82.7
5.4	1.3	9.8	0	0	0	3	0	629.6	1.6	60	83
6.2	3.6	8	0	0	0	7.5	0	224	12.49	61	85.7
5.4	3.5	8.3	0	0	0	5.4	0	428.5	2.5	62	82.9
4.3	2	8.7	0	0	0	4.6	0	523.2	1.43	63	85.8
2.4	-1.2	6.6	0	0	0	3.2	0	463.9	5.71	64	89.5
1.8	-2.7	5.4	0	0	0	3.6	0	897.1	0.12	65	71.3
5.4	2.4	7.7	0	0	0	6.3	0	195.1	2.62	66	84.8
7.4	6.2	9.2	0	0	0	2.8	0	261.7	2.02	67	94.8
7.3	3.9	11.5	0	0	0	2.2	0	900.5	0	68	76.4
7	3.6	10.6	0	0	0	3.3	0	547	0	69	77.8
9.2	5.6	13.1	0	0	0	3	0	807.4	0	70	67.7
8.5	5.1	12.6	0	0	0	4.1	0	796.9	0.12	71	73.1
5.9	3.6	8.6	0	0	0	5.4	0	498.5	8.81	72	88.3
6	4	9.2	0	0	0	6.9	0	552.5	4.17	73	79.8
5.2	2.4	9.6	0	0	0	4.6	0	465.1	5	74	86.1
5.9	1.9	10.1	0	0	0	1.9	0	725.3	0	75	82.1
5.2	1.8	9	0	0	0	1.2	0	393.9	0	76	82.7
3.4	0.8	6.8	0	0	0	4	0	685.2	0	77	74.5
2.4	-0.9	6.9	0	0	0	3.3	0	1053.3	0	78	69.2
1.3	-2.6	6.2	0	0	0	2.3	0	876.5	0.95	79	79.7
1.2	-3.7	5.7	0	0	0	2.8	0	792.5	2.02	80	87.8
2.8	0	8.8	0	0	0	2.6	0	524.2	17.49	81	93.9
0.6	-1.7	2.7	0	0	0	2.9	0	279.9	13.33	82	95.1
0.2	-3.9	4.9	0	0	0	1.3	0	1231	0	83	61.9
-0.1	-3.1	4	0	0	0	3.4	0	698.8	0.59	84	79.7
0.2	-2	4.9	0	0	0	2.8	0	790.9	0.59	85	88.5
1.1	-2	5.6	0	0	0	3.9	0	1282.7	3.33	86	81.8
2	-3.5	8.8	0	0	0	0.6	0	1126.3	0	87	76.4
5	-1.7	12	0	0	0	1.9	0	977.3	0	88	72.4
6.3	2.9	10	0	0	0	3.6	0	490.6	8.09	89	85.6
9.1	2.4	15.7	0	0	0	2.9	0	1165.6	0	90	64.7
10.6	6.2	15.8	0	0	0	1.9	0	860.6	0	91	67.6
9.4	4.2	15.9	0	0	0	1.5	0	1267.4	4.62	92	79.2
7.6	6.4	10.8	0	0	0	2.8	0	522.4	5.61	93	91.3
6.7	2.6	10.5	0	0	0	1.9	0	679.3	0.11	94	89.9
5.8	2.4	9.4	0	0	0	2.3	0	429.2	0.11	95	90.4
6.5	3.5	10.6	0	0	0	2.4	0	460.2	7.59	96	94.5
4.9	0.1	11.2	0	0	0	1.6	0	1131.1	0.44	97	82.7
4.2	-2.5	11.3	0	0	0	1	0	1164.3	0	98	81.1
4.1	0	8.6	0	0	0	2.1	0	690.7	2.64	99	89.1
3.8	-1.7	10.7	0	0	0	0.5	0	932.4	0	100	84.6
4.7	1.3	9.5	0	0	0	1	0	951.6	0	101	79.8
4.7	2.1	7.2	0	0	0	1.3	0	358.8	3.74	102	91.3
8.6	4.2	14.5	0	0	0	1.9	0	1283.9	0.55	103	78.4
8.1	0.8	15.4	0	0	0	1.3	0	1069.2	4.29	104	81.7
6.6	3.2	11.7	0	0	0	0.4	0	579.7	1.1	105	95
6.7	3.4	9.9	0	0	0	1.3	0	749.8	0.44	106	87.6
5.9	1.5	10.6	0	0	0	1.8	0	1217.4	0.66	107	82.2
5.4	4.5	6.8	0	0	0	2.2	0	254.7	6.49	108	94.6
6	2.4	11.4	0	0	0	2	0	991.5	0	109	79.3
5.4	2	9.5	0	0	0	2.3	0	767.3	0	110	82.2
7.6	2.5	14	0	0	0	1.7	0	1307	0	111	76.4
7.9	1.9	15.3	0	0	0	2.5	0	1784.2	0	112	75
8.5	3.8	14.1	0	0	0	3.7	0	1873	0	113	66.8
9.2	0.4	17.4	0	0	0	1.6	0	1900	0	114	67.8
11.3	0.3	21.4	0	0	0	0.6	0	1883.8	0	115	65
10.6	6.5	15.7	0	0	0	1.4	0	790.7	1.76	116	80.5
10.7	3.7	19.9	0	0	0	0.7	0	1459	0	117	77.5
14.9	8.4	21.1	0	0	0	1.1	0	1680.9	0	118	61.9
16.2	9.2	22.5	0	0	0	1.7	0	1816.2	0	119	51.4
12.1	10.1	16.8	0	0	0	0.7	0	676.5	9.68	120	87.1
13.7	9.1	19.5	0	0	0	0.6	0	1314.1	0.44	121	81.7
12.7	8.5	19.4	0	0	0	1.4	0	1312.9	0.42	122	75.8
11.9	5.1	18.9	0	0	0	1	0	1709.6	0.95	123	74.1
11.4	4.1	18	0	0	0	1	0	1781.7	0	124	74
11.3	2.2	18.5	0	0	0	1.1	0	2060.6	0	125	72.6
12.9	3.6	22.8	0	0	0	1.2	0	2009.7	0	126	71.9
13.2	3.2	20.1	0	0	0	0.9	0	2134.2	0	127	69.3
14.1	4.7	22.7	0	0	0	0.7	0	1978.1	0	128	69.8
15.1	4.2	24.5	0	0	0	0.9	0	2127.6	0	129	67
16.4	4.2	26.8	0	0	0	0.6	0	2190.3	0	130	61.2
17.4	6.5	25.3	0	0	0	0.9	0	2171.6	0	131	59.9
17.2	6.5	25.8	0	0	0	1	0	2187.4	0	132	62
16.9	6.4	25.4	0	0	0	1.3	0	2051.2	0	133	66.7
11.3	4.7	17.4	0	0	0	2.1	0	2090.9	0	134	65.1
11.4	0.2	22.2	0	0	0	1	0	2207.3	0	135	65.7
12.8	2.6	21.8	0	0	0	0.8	0	2190.4	0	136	60.7
14	3.1	23.1	0	0	0	0.7	0	1770.9	0	137	66
10.9	7	17.3	0	0	0	1.1	0	748.3	9.24	138	87.8
10.5	4.5	15.5	0	0	0	1.1	0	1232.1	0	139	76.1
9.1	1.1	17.2	0	0	0	1	0	1387.7	0	140	76.8
10.1	1.3	17.7	0	0	0	0.9	0	1646.3	0	141	69.3
11.2	1.3	20.5	0	0	0	1.1	0	2128.8	0	142	66.2
12	1.2	20.5	0	0	0	1.2	0	2321.5	0	143	66.3
11.8	3.6	19.5	0	0	0	0.8	0	1207.9	0.53	144	73.7
12.8	3.6	20.5	0	0	0	1.8	0	2247.4	0	145	70.1
13.7	5.9	21.4	0	0	0	1.6	0	2265.6	0	146	69.3
13.2	9.6	18.9	0	0	0	1.5	0	784.6	2.63	147	83.6
14	9.3	19.9	0	0	0	2.3	0	2141.7	0	148	66.4
16.8	10.4	23.8	0	0	0	1.9	0	2556.3	0	149	48.8
17.7	10.9	26.3	0	0	0	1.7	0	2507.1	0	150	52.2
19.6	11.6	28.1	0	0	0	1.8	0	2538.6	0	151	54.1
19.9	9.8	29.3	0	0	0	1.7	0	2634.7	0	152	59.4
19.9	10.5	29.3	0	0	0	1.5	0	2694.4	0	153	55.4
22.6	10.7	32.1	0	0	0	1.1	0	2653.5	0	154	52.2
19.1	10.4	28.1	0	0	0	2.1	0	2599.8	0	155	59.9
17.5	11.3	24.6	0	0	0	2.7	0	2716.9	0	156	63.7
18.1	10.3	25.7	0	0	0	1.9	0	2729.3	0	157	59.4
18.2	9.2	27	0	0	0	1.3	0	1964.7	0	158	59.1
21.1	14.5	29	0	0	0	1.4	0	2190	0	159	50.5
19.5	8.9	28.7	0	0	0	1.3	0	2800.2	0	160	54.5
19.3	8.5	26.5	0	0	0	1.2	0	2537.2	0	161	60
17.7	8.9	25.8	0	0	0	2.6	0	2201.3	0	162	66.1
14.4	10.4	19.2	0	0	0	3.4	0	1694.2	1.89	163	69.7
13.2	9.3	17.7	0	0	0	2.4	0	1584.8	0.21	164	72
13.4	8.2	20.6	0	0	0	1.6	0	1841.6	0.32	165	73.4
12.9	6.7	20.1	0	0	0	2	0	2005.7	0	166	70.4
13.1	8.5	20.5	0	0	0	1.8	0	1710.8	1.99	167	72.6
13.6	7.1	20.6	0	0	0	1.8	0	2507.9	0.11	168	69.8
14.9	6.3	23.2	0	0	0	1.1	0	2217.7	0	169	65.5
17.5	7.9	25.8	0	0	0	1.5	0	2246.4	0	170	59.3
18	11.4	26.7	0	0	0	2	0	1494.4	0	171	67.3
16.3	10.4	23.2	0	0	0	2.1	0	1861.1	1.16	172	71.1
16.3	9.8	22.8	0	0	0	1.9	0	2364.3	0.95	173	65.2
19	9.3	31.6	0	0	0	1.9	0	1610.4	22.57	174	74.3
16.3	11	18.9	0	0	0	4	0	1517.9	0.32	175	73.1
14.2	7.4	20.5	0	0	0	2.1	0	2285.5	0	176	65.4
17.2	7.6	26.9	0	0	0	0.8	0	1960.2	0	177	67.1
18.5	12.8	24.4	0	0	0	2.2	0	2218	0	178	65
15.3	10.6	19.4	0	0	0	2.4	0	1076.1	0.21	179	76.5
15.4	10.9	22.3	0	0	0	2.1	0	1016.9	12.29	180	87.1
18.6	12.8	24.8	0	0	0	1.3	0	1746.5	0	181	73
17.8	11.6	23.1	0	0	0	2.2	0	2193.3	0	182	68
18.8	8.9	27.7	0	0	0	0.7	0	2660.6	0	183	67.4
21.2	11.6	30.2	0	0	0	1.3	0	2751.8	0	184	58.4
23.3	14.3	33.5	0	0	0	1.5	0	2652.7	0	185	56
19.5	12.9	26.6	0	0	0	1.3	0	1814	0	186	67.4
19.5	11.4	26.9	0	0	0	1.2	0	2354.4	0	187	73.7
20.4	12.6	28.3	0	0	0	1	0	2091	2.21	188	71.1
18.6	12.9	24.5	0	0	0	1.5	0	1923.5	4.3	189	73.8
15.9	12.2	22.3	0	0	0	2.5	0	1563.2	3.68	190	83.1
14.3	11.1	18.3	0	0	0	2.6	0	1266.9	3.68	191	88.8
16.6	11	21.7	0	0	0	1.9	0	1539.4	1.26	192	86.4
19.3	15.6	24.3	0	0	0	2.2	0	1602.2	3.04	193	82.2
18	11.9	23.6	0	0	0	2.2	0	2027.2	2.63	194	78.5
17.2	10.9	23.3	0	0	0	1.1	0	1967.4	0	195	69.2
16.6	9.9	22.6	0	0	0	1.8	0	1506.9	0	196	75.8
18.6	16	21.9	0	0	0	2.6	0	996.4	0.32	197	77
17.6	11.6	22.8	0	0	0	2.2	0	1264.7	8.72	198	78.8
15.6	10.9	20.6	0	0	0	2	0	1415	0.21	199	77.2
15.6	13.2	19.7	0	0	0	2.1	0	850	0.32	200	84.7
16.2	12.6	22	0	0	0	1.9	0	1076.3	3.89	201	87.7
15.9	11.1	21.9	0	0	0	2.6	0	1648.7	0.53	202	77.3
13.1	10.1	17.5	0	0	0	2.9	0	840.6	2.63	203	87.5
16.7	9.9	23.4	0	0	0	1.4	0	2003.9	0	204	76.1
18.2	11.1	25.7	0	0	0	1	0	2509.6	0	205	69
19.6	8.2	28.6	0	0	0	1.6	0	2540	0	206	65.3
21.9	14.2	29.7	0	0	0	2	0	2466.1	0	207	68.6
23.1	15.5	32.6	0	0	0	1.6	0	2453.6	0	208	69.1
23.9	15.9	33.1	0	0	0	1.4	0	2504.3	0	209	61.2
23.7	13.4	32.6	0	0	0	1.2	0	2484.7	0	210	60.5
24	13.9	33.6	0	0	0	1.3	0	2437.8	0	211	56.1
20.1	15.9	22.7	0	0	0	0.7	0	597	0	212	63.6
23.3	14.7	31.3	0	0	0	1.3	0	2380.7	0	213	49.4
22.9	14.3	34.1	0	0	0	1	0	1825.3	0.53	214	66.1
20.9	16	27.1	0	0	0	1.6	0	1518.9	0.42	215	66.8
21	16	26.9	0	0	0	2.5	0	1621.3	0.95	216	65.8
18.1	15	21.9	0	0	0	4.2	0	1479.3	26.57	217	78.3
17.9	13	22.6	0	0	0	4.3	0	1438.1	0.21	218	73.3
17	10.9	21.6	0	0	0	0.7	0	852.7	0	219	82
24.3	16.2	33.6	0	0	0	1.6	0	2078.5	0	220	59.4
19.9	14.2	24	0	0	0	2.7	0	1510.2	1.68	221	77.9
16.5	12.6	22	0	0	0	2.6	0	1514.6	0	222	74.4
16.4	12.4	19.9	0	0	0	2.9	0	785.2	2.84	223	86.7
19.1	13.4	25.3	0	0	0	2.2	0	1798	0	224	72.7
16.9	11.5	20.3	0	0	0	1.2	0	519	4.62	225	90.1
18.3	13.9	23.8	0	0	0	3.5	0	1742.3	1.68	226	73.4
17.3	11.6	23.1	0	0	0	3.6	0	1472.4	0.11	227	68.9
14.7	7.6	22.1	0	0	0	0.5	0	985.6	0	228	80.8
16.3	8.7	23	0	0	0	1.3	0	1982	0	229	73.9
17.8	11.8	24.7	0	0	0	0.9	0	1618.6	0	230	75.4
15.8	11.1	18.9	0	0	0	1.1	0	476.3	0.42	231	84.9
20	14.7	26.8	0	0	0	1.8	0	1437.2	0.21	232	76.2
17.7	14.3	23.3	0	0	0	2.8	0	1126.7	5.04	233	78.5
17.9	13.9	24.2	0	0	0	2.5	0	1261	1.99	234	81.4
17.9	12.6	22.8	0	0	0	1.4	0	1255.2	2.84	235	83.1
15	12.6	17.6	0	0	0	2.8	0	714.3	7.88	236	90.1
15.3	12.4	19.6	0	0	0	1.8	0	789.7	5.04	237	91.6
16.2	12.1	21.9	0	0	0	0.7	0	895.4	0.21	238	86.7
17.6	12.9	22.7	0	0	0	1.8	0	1073.9	0	239	85.7
17.8	16.2	20	0	0	0	2.3	0	469.5	0	240	86.2
17.5	15.6	21.5	0	0	0	2.2	0	648.1	0.32	241	86.1
17	11.8	20.7	0	0	0	2.6	0	1037.6	2.31	242	85.4
16.6	7.3	25.3	0	0	0	0.4	0	1787.4	0.11	243	73.9
17.6	8.1	25.8	0	0	0	0.8	0	1770.8	0	244	68.5
17.3	12.8	24.3	0	0	0	1	0	937.4	0.63	245	79
17.5	11	22.1	0	0	0	1.6	0	1142.6	0	246	77.9
16.4	11.2	21.1	0	0	0	2.8	0	951.6	1.58	247	75.8
15	9.5	21.7	0	0	0	2.4	0	1510.1	0	248	74.8
16.6	11	23.1	0	0	0	1.7	0	1486.5	0	249	69.1
19.1	16.2	23	0	0	0	2	0	882.5	1.99	250	82.1
18.3	14.5	23.6	0	0	0	1.7	0	1254	0.84	251	78.1
17	12.7	22.9	0	0	0	2.2	0	1286.1	0	252	74.5
16.7	11.1	26	0	0	0	1	0	1291.8	0	253	74.7
17.2	10.6	25.3	0	0	0	0.7	0	902.2	0	254	79.5
16.2	10	24.9	0	0	0	0.7	0	1291.2	0	255	80.8
13	9.3	17.5	0	0	0	1.3	0	593.8	0.63	256	80.4
11.6	3.1	18.8	0	0	0	1.1	0	957.8	0	257	70.8
11.7	7.1	15.9	0	0	0	1.2	0	622.5	1.05	258	82.7
12.2	7.2	18.4	0	0	0	1.2	0	808.5	0	259	80.7
10.2	6.8	17.2	0	0	0	0.3	0	691.3	1.68	260	89.1
9.6	3.9	15.2	0	0	0	0.3	0	605.2	0.53	261	90.8
10	4.3	16.2	0	0	0	0.4	0	705.1	0	262	85.5
10.3	3.8	16.5	0	0	0	0.3	0	772.2	0	263	81.4
11	2.6	19.4	0	0	0	0.5	0	1099.6	0	264	79.3
12.5	8.5	18.6	0	0	0	1.2	0	681.9	0	265	82.1
11.9	9.4	14.8	0	0	0	1.3	0	384.3	1.05	266	93.8
12.4	11.1	14.4	0	0	0	1.6	0	213.3	3.57	267	94.2
13.5	9.9	18.7	0	0	0	1.8	0	916.4	0	268	80.5
12.8	6.6	20	0	0	0	1.2	0	965	0	269	82.5
11.4	6.4	21.1	0	0	0	0.2	0	806	0.21	270	88.4
10.8	5.5	18.2	0	0	0	0.8	0	661	0.11	271	92.6
11.3	6.7	16.8	0	0	0	1.2	0	595.5	0.11	272	88.3
11.4	6.2	16.7	0	0	0	1.4	0	816	0.11	273	82.1
9.8	7.5	11.9	0	0	0	2.9	0	273.3	5.46	274	93.9
11.2	9.2	13.9	0	0	0	4.2	0	494.9	5.46	275	89.4
9.8	7.9	12.5	0	0	0	4.4	0	337.7	0.84	276	82.2
7.6	5.8	9.2	0	0	0	2.6	0	268.7	5.25	277	90.5
7.6	4.5	13.7	0	0	0	2.4	0	578.1	0.32	278	87.1
8.9	6.3	11	0	0	0	3.8	0	228.3	12.71	279	88.3
10.6	2.9	17.5	0	0	0	0.3	0	959.5	0.11	280	84
9.7	1	16.9	0	0	0	0.5	0	563.6	0	281	89.8
10.7	6.5	15.5	0	0	0	0.5	0	523.3	0	282	94.3
12.1	6.6	16.5	0	0	0	0.9	0	509	1.26	283	90
10.6	3.9	17.5	0	0	0	1.3	0	791.8	0	284	86.2
13.2	8.7	19.8	0	0	0	2.1	0	871.5	0	285	80.3
12.4	9.8	17	0	0	0	1.5	0	434	0	286	91.7
13.5	6.8	20.6	0	0	0	1.5	0	759	0.63	287	86.5
14.4	10	17.6	0	0	0	1.4	0	391.6	0	288	87.9
12	8.5	16.5	0	0	0	0.3	0	395.1	3.04	289	92.3
10.5	6.2	13.8	0	0	0	1.4	0	401.9	8.51	290	92.4
9.1	6.9	13.8	0	0	0	2.3	0	654.3	0.21	291	84.7
9	5.4	13.1	0	0	0	0.4	0	473.4	0	292	87.6
11	8.7	14	0	0	0	0.6	0	226.3	0.53	293	88.4
11.7	7.7	16	0	0	0	0.3	0	624	0	294	77.2
12.2	9	16	0	0	0	0.4	0	158.1	0.42	295	86.3
8.5	6	12.6	0	0	0	0	0	375.6	0	296	86.4
7.9	2.7	13.5	0	0	0	0.1	0	609.6	0	297	85.3
8.7	5.1	13.6	0	0	0	0.2	0	431.6	0.42	298	78.2
10.9	6.9	14.8	0	0	0	0.1	0	600	0	299	83.7
11.4	9	14.1	0	0	0	2	0	256.5	0.32	300	85.3
9.7	5.6	12.3	0	0	0	2.6	0	374.4	4.73	301	88.8
6.1	3	10.6	0	0	0	2.9	0	514.7	0	302	86.7
4.4	0.2	9.5	0	0	0	0.6	0	407	0	303	91.1
3.7	0.5	5.3	0	0	0	2.1	0	77.4	15.44	304	96.1
3.7	0.9	8.9	0	0	0	0.9	0	357.2	1.37	305	95.1
6.1	2.6	9.2	0	0	0	1.6	0	215.06	0.35	306	91.8
7.3	4.4	10.9	0	0	0	0.7	0	325.8	0	307	93.9
7.4	6.5	9.2	0	0	0	1.1	0	169.7	0.12	308	99.9
8.3	7.6	9	0	0	0	0.3	0	88.1	0.12	309	99.5
9	8.3	9.6	0	0	0	1.8	0	78.7	0.12	310	98.8
9.6	9.2	10.4	0	0	0	1	0	68.3	0.59	311	99.1
9.8	8.7	11.2	0	0	0	0.9	0	66.6	2.36	312	99
8.4	5.9	11.8	0	0	0	0.5	0	287.3	0.24	313	98.1
7.8	4.9	11.1	0	0	0	2.5	0	192	1.65	314	92.2
10.7	5.6	14.4	0	0	0	4.1	0	194.4	3.54	315	85.3
12.3	8.5	14.9	0	0	0	5.3	0	122	0	316	75.4
8.3	5.5	11	0	0	0	3.5	0	351.6	0	317	79.8
6.8	4.4	9.7	0	0	0	3	0	318.2	0	318	90.4
7.2	4.6	9.9	0	0	0	4.1	0	53.7	2.71	319	94.7
10.9	1.1	12.2	0	0	0	5.6	0	122.5	0.24	320	90.9
8.2	5.6	9.6	0	0	0	6.3	0	173.5	4.13	321	85
4.4	0.6	8.7	0	0	0	2.2	0	524	0	322	79.8
4	1.3	7.2	0	0	0	3.9	0	85.6	6.37	323	93.1
6.9	4.4	9.8	0	0	0	5.1	0	91	3.19	324	90
7.6	4	10	0	0	0	5.8	0	166.1	15.93	325	86.7
2.3	-1.1	5.6	0	0	0	3.6	0	125.6	4.37	326	82.3
0.3	-2.6	4	0	0	0	3.3	0	258.9	0.83	327	80.5
0.9	-1.1	3.3	0	0	0	2.6	0	211.6	4.37	328	91
-0.5	-3.4	4.4	0	0	0	1.5	0	277.1	0.71	329	88
1.1	-1.3	3.6	0	0	0	1.2	0	141.7	3.19	330	90.9
2.2	-2.9	7.9	0	0	0	2.9	0	108.5	0.12	331	97
6.9	6.2	8	0	0	0	4.7	0	42.2	0	332	93.9
4.2	0.6	6.7	0	0	0	2.5	0	151	0.12	333	86.3
0.9	0.1	1.7	0	0	0	1.4	0	69.7	0	334	92.2
2.2	1.6	4	0	0	0	1.1	0	124.4	1.18	335	95
1.4	-1.9	5	0	0	0	1.5	0	172.9	7.67	336	96.5
4.1	0.9	5.5	0	0	0	4.4	0	68.5	28.32	337	96.5
1.4	0.1	4.3	0	0	0	2.8	0	61.1	3.19	338	95.4
1.7	0.4	3.8	0	0	0	2.7	0	123.1	1.06	339	94.2
3.9	1.2	6.7	0	0	0	1.4	0	153.4	0.47	340	95.1
4.1	2.4	5.6	0	0	0	0.4	0	84.6	0.83	341	99.3
4.1	2.1	5	0	0	0	1.7	0	95.3	0.71	342	95.1
5	4.1	5.7	0	0	0	3.6	0	107.9	0	343	92
1.8	0	4.8	0	0	0	2.7	0	161.4	0	344	91.5
1.4	0.5	2.6	0	0	0	2	0	71.5	0.12	345	97.8
1.3	0.4	2.6	0	0	0	0.4	0	71	2.6	346	97
2	0.2	3.1	0	0	0	1.4	0	50	3.66	347	98.9
1.4	-0.6	3.3	0	0	0	1.5	0	50.5	0	348	96
3	2.3	4.7	0	0	0	1.7	0	119.8	0	349	87.5
2.5	2.1	3	0	0	0	1.1	0	41.7	0	350	89.7
2.4	2.1	2.8	0	0	0	0.1	0	28.4	0	351	96.8
2.8	2.2	4.2	0	0	0	0.3	0	77.9	0	352	95.7
2.6	2	3.3	0	0	0	2	0	84.1	0	353	96.6
4.2	2.1	7.6	0	0	0	2.9	0	132.3	2.71	354	95.6
5.3	1.9	8.2	0	0	0	5.1	0	72.6	1.65	355	87.7
5.6	2.2	8.8	0	0	0	4.7	0	112.9	0	356	87.5
7.8	5.3	9.2	0	0	0	5.9	0	146.5	3.3	357	85
4	0.9	5.4	0	0	0	2	0	122.2	0	358	92.8
5.7	2.8	6.8	0	0	0	2.5	0	44	2.12	359	97.8
2.5	-0.1	5.6	0	0	0	1.3	0	115.6	0	360	91
-1	-4	0.6	0	0	0	0.3	0	101.2	0	361	94.2
0.3	-1.8	3.5	0	0	0	0	0	159.9	0	362	95.1
1.1	0	3.1	0	0	0	0.1	0	132.2	0	363	95.2
0.1	-3.7	3.1	0	0	0	1.2	0	176.8	0	364	89.6
-3.8	-6	0.1	0	0	0	0.5	0	182.1	0	365	92.6
-5.5	-9	0.1				0.1		214.8	0		95.1
