Tp_av	Tpmin	Tpmax	T_s10	T_s20	vappd	wind	sundu	radia	prec	tagesnummer	RF
C_deg	C_deg	C_deg	C_deg	C_deg	mm_Hg	m/se	hours	J/cmı	mm	jday	%
50	-----	-----	-----	-----	-----	2m	-----	------	--	0	0
6	4.9	8.1	0	0	0	2.8	0	216	6.22	1	91
4.9	3.7	8.2	0	0	0	5.9	0	252	2.07	2	75
6.1	4.2	7.9	0	0	0	4.7	0	180	0	3	87
7.5	5.9	8.6	0	0	0	5.6	0	108	2.68	4	82
5.3	3.6	6.5	0	0	0	3.3	0	144	3.54	5	91
6.4	4.8	7.8	0	0	0	4.2	0	324	0.98	6	87
10.3	8	11.8	0	0	0	6.2	0	72	0	7	80
9	5.1	11.4	0	0	0	6.8	0	108	0	8	65
6.5	4.2	8.5	0	0	0	5	0	180	0.12	9	78
11.4	8.1	14.1	0	0	0	4.7	0	288	0.73	10	76
9	8.1	10.3	0	0	0	3.4	0	180	0	11	89
7.9	5.1	10.4	0	0	0	4.2	0	252	0	12	79
3.9	2.1	5.3	0	0	0	3.8	0	216	5.25	13	91
1.8	-0.2	5.4	0	0	0	0.9	0	288	0	14	97
-1	-2.3	0.7	0	0	0	0.6	0	144	0	15	99
0.3	-3.1	3.6	0	0	0	0.8	0	468	0	16	80
4.9	2.4	6.4	0	0	0	3.5	0	180	15.25	17	88
3.6	0.8	6.1	0	0	0	2.4	0	180	4.15	18	97
2.8	1.2	4.5	0	0	0	3.4	0	288	4.27	19	93
7	3.8	9	0	0	0	5.8	0	144	7.56	20	83
3.5	1.8	4.8	0	0	0	4.5	0	324	3.05	21	88
3.1	0.3	5.4	0	0	0	1.8	0	324	1.59	22	91
0.5	-1.3	3.4	0	0	0	1.6	0	288	2.44	23	96
-1.6	-3.5	0.6	0	0	0	0.4	0	432	0.24	24	90
-1.5	-3.6	0.4	0	0	0	1.1	0	360	0	25	82
-2.2	-3.9	0.2	0	0	0	0.8	0	468	2.44	26	90
-1.6	-2.9	0.1	0	0	0	0.1	0	180	0	27	98
-1.7	-4.1	-0.1	0	0	0	0.4	0	216	0.24	28	97
-2.6	-5.5	0.1	0	0	0	0.7	0	288	1.71	29	98
3	0.2	5.1	0	0	0	1.4	0	180	1.46	30	100
5.1	3.1	6.8	0	0	0	2.9	0	108	10.74	31	96
3.2	1.5	5.3	0	0	0	1.1	0	396	0.49	32	86
5.2	3.4	6.1	0	0	0	1.9	0	216	1.72	33	95
4.9	4.4	5.7	0	0	0	0.4	0	360	0.37	34	91
5.4	4.6	6.9	0	0	0	0.6	0	324	0	35	93
2	-0.3	4.5	0	0	0	2.4	0	684	0	36	69
-0.5	-2.4	2.5	0	0	0	3	0	684	0	37	73
-1.5	-4	2.9	0	0	0	2.2	0	648	0	38	82
-1.7	-5.8	3.9	0	0	0	0.3	0	648	0	39	88
2.1	-3	6.4	0	0	0	1.5	0	360	3.69	40	92
6	3.3	7.7	0	0	0	3.9	0	72	12.67	41	95
3.9	2.5	5.7	0	0	0	0.8	0	360	8.86	42	95
5.4	3	9.6	0	0	0	5.2	0	144	15.38	43	91
2	0.3	4.1	0	0	0	3.4	0	288	2.95	44	92
1.1	-0.6	4	0	0	0	0.5	0	504	0	45	85
-0.1	-1.7	1	0	0	0	2	0	180	0	46	82
-0.8	-1.9	0.8	0	0	0	1.4	0	576	0	47	73
-1	-2	-0.1	0	0	0	0.2	0	288	0	48	79
-0.4	-2.1	0.9	0	0	0	2.8	0	180	3.08	49	86
1.9	0.3	4.9	0	0	0	2.5	0	468	4.55	50	96
0.8	-0.1	2.2	0	0	0	0.6	0	288	1.72	51	98
1	-1	3.6	0	0	0	3.1	0	540	0.12	52	86
-0.8	-2.6	0.5	0	0	0	3.3	0	432	0.61	53	83
-0.5	-3	1.3	0	0	0	1.4	0	216	3.81	54	94
0.1	-0.9	1.8	0	0	0	1	0	684	0.25	55	89
0.3	-0.9	1.4	0	0	0	0.1	0	216	0.37	56	95
-0.4	-2.9	0.7	0	0	0	1.1	0	180	0.25	57	93
-4	-6.9	-1.6	0	0	0	1.9	0	1152	0	58	68
-3.5	-8.3	0.8	0	0	0	2.8	0	612	0.61	59	67
-2.8	-4.3	-1.7	0	0	0	4.8	0	252	6.54	60	82
-2	-3	-0.8	0	0	0	1.3	0	504	10.12	61	95
-3.4	-13.1	-1.3	0	0	0	0.9	0	396	0.48	62	90
-8.9	-18.1	-1.4	0	0	0	1	0	1008	0	63	82
-4.6	-7.8	-0.9	0	0	0	2.7	0	1260	0	64	78
-4	-9.7	1.2	0	0	0	0.5	0	1260	0	65	82
-0.5	-7.4	3.7	0	0	0	0.9	0	468	1.9	66	97
2.8	1.5	4.2	0	0	0	1.4	0	360	1.19	67	93
2.2	-2.7	6.6	0	0	0	0.7	0	576	0.83	68	90
0.8	-4.4	6.4	0	0	0	1.8	0	1404	2.02	69	79
2.9	1.8	4.4	0	0	0	5.5	0	144	12.26	70	92
2.2	1.2	4.7	0	0	0	3.9	0	576	2.26	71	87
2.3	-0.4	6.2	0	0	0	2.4	0	756	2.38	72	88
3.8	0.4	8	0	0	0	2.3	0	1152	0	73	77
6.8	0.9	11.1	0	0	0	3.1	0	504	0	74	71
13.5	10.1	17.1	0	0	0	5	0	1152	0.83	75	69
11.5	10	12.8	0	0	0	5.7	0	180	2.62	76	92
9.2	8.6	10.1	0	0	0	4.6	0	180	4.05	77	98
6	2.5	8.6	0	0	0	2.8	0	396	0.48	78	89
3.4	-0.9	8.4	0	0	0	2.8	0	1548	0	79	65
5.1	-0.7	11.6	0	0	0	4.1	0	1548	0	80	59
9	2.5	14.3	0	0	0	4	0	1224	1.19	81	56
10.2	5	14	0	0	0	0.8	0	648	0.24	82	88
12.8	4.8	19.4	0	0	0	2.5	0	1476	7.26	83	71
10.7	8.1	12.7	0	0	0	1.4	0	396	13.68	84	95
9.5	6.5	12.7	0	0	0	1.6	0	720	7.14	85	93
10	7.7	12.8	0	0	0	4.4	0	504	0	86	89
9.5	8.3	10.8	0	0	0	3.7	0	396	6.54	87	86
7.3	6.2	8.8	0	0	0	3.7	0	324	0	88	90
8.5	5.5	12.2	0	0	0	5.3	0	1332	0	89	61
7.3	2.1	12.9	0	0	0	4.4	0	1800	0	90	54
8.3	1.8	14.6	0	0	0	3.6	0	1836	0	91	53
9.7	2.5	16.6	0	0	0	2.8	0	1872	0	92	50
12.7	4.2	20.4	0	0	0	1.4	0	1800	0	93	47
14.2	7.1	21.4	0	0	0	1.6	0	1548	4.95	94	56
8.2	2.5	13.1	0	0	0	2.1	0	1260	0	95	76
8.9	2.7	13.4	0	0	0	3	0	1188	2.09	96	67
8.8	6.2	11.3	0	0	0	4.5	0	1332	1.43	97	75
6.9	4.4	9.5	0	0	0	1.5	0	972	10.34	98	81
3.7	1.5	6.3	0	0	0	1.2	0	1224	2.53	99	81
6.8	2.9	9.7	0	0	0	2.1	0	792	2.2	100	91
10.2	5.5	16.2	0	0	0	1.7	0	1512	0	101	78
9.3	2.6	14.7	0	0	0	0.6	0	1332	0	102	76
11.2	6.5	15.2	0	0	0	1.3	0	864	2.31	103	79
12.9	9.9	16.5	0	0	0	1.4	0	936	0	104	77
13.5	6.1	20.2	0	0	0	1.4	0	1620	0	105	73
13.2	7.4	19.6	0	0	0	2.1	0	1656	0	106	75
11.9	7.7	17.9	0	0	0	2.4	0	1224	0	107	84
11.5	7.9	16.5	0	0	0	1.7	0	1044	0.44	108	92
8.6	6.8	11.2	0	0	0	2.7	0	468	1.65	109	84
7.5	2.2	12.8	0	0	0	3.2	0	2160	0	110	53
6.3	-1.1	12.8	0	0	0	0.5	0	2088	0	111	63
6.5	-1.5	13.6	0	0	0	0.7	0	2304	0	112	69
9.4	0.4	16.9	0	0	0	2.3	0	2196	0	113	62
10.8	3.6	17.2	0	0	0	3.7	0	2196	0	114	53
8.7	4.4	13	0	0	0	3.5	0	1440	0	115	67
10.3	5	13.9	0	0	0	2	0	1188	8.25	116	78
10.6	6.2	14.1	0	0	0	1.5	0	1188	5.5	117	84
11.6	4.5	17.2	0	0	0	1.1	0	2124	2.75	118	72
12.4	7.6	17	0	0	0	0.5	0	612	2.64	119	88
12.8	5.9	18.5	0	0	0	0.4	0	1152	0	120	86
17.4	7.3	24.1	0	0	0	0.6	0	2160	0	121	72
18.3	10.6	23.8	0	0	0	0.8	0	1188	3.68	122	77
12.9	7.1	17.1	0	0	0	0.4	0	864	4.41	123	93
11.8	6.3	16	0	0	0	0.8	0	1116	0	124	89
9	3.3	13.4	0	0	0	1.7	0	1728	3.15	125	75
8.9	4.4	11.1	0	0	0	1.9	0	1188	4.51	126	87
6.6	4	11.5	0	0	0	0.9	0	756	13.02	127	93
6.3	2.7	10.1	0	0	0	1.4	0	1584	2.73	128	87
6.2	2.7	9.8	0	0	0	1.6	0	1368	11.13	129	90
7.8	5.2	12	0	0	0	1.6	0	1764	5.67	130	84
7.8	3.7	11.6	0	0	0	0.8	0	1656	0.32	131	77
7.5	2.1	11.9	0	0	0	0.3	0	1332	0	132	78
10.4	2.5	17	0	0	0	1.3	0	2412	0	133	71
11.2	4.7	16.3	0	0	0	1	0	1548	6.72	134	73
8.2	5	10.8	0	0	0	0.4	0	468	8.29	135	97
7.6	3.8	13.6	0	0	0	0.6	0	972	4.09	136	91
6.5	1.1	10.5	0	0	0	0.3	0	1584	1.47	137	78
6.9	0.8	12.2	0	0	0	0.2	0	1764	0	138	72
11.8	2.2	18.3	0	0	0	1	0	2376	1.89	139	61
14.6	10.5	19.6	0	0	0	1.2	0	1152	15.12	140	82
15.6	11.7	20	0	0	0	0.8	0	2052	0	141	81
16.2	10.9	21.1	0	0	0	0.9	0	2088	0	142	69
13.7	8.7	18.3	0	0	0	0.9	0	1800	0	143	73
13.3	8	17.2	0	0	0	1	0	1584	0	144	72
17.1	12.5	21.9	0	0	0	1.2	0	2304	0	145	70
21.3	12.7	28.1	0	0	0	1	0	2484	0	146	64
21.2	12.1	28.3	0	0	0	0.2	0	2592	0	147	72
23.1	14.6	30.9	0	0	0	1.2	0	2484	0	148	59
16.2	11.2	22.4	0	0	0	0.6	0	2628	7.98	149	69
10.4	8.6	12.2	0	0	0	0.2	0	468	3.78	150	95
10	5.6	13.3	0	0	0	0.8	0	1728	8.29	151	85
10.7	5.6	15.8	0	0	0	0.4	0	1656	2.84	152	74
13.9	9.5	17.7	0	0	0	1	0	864	0.32	153	91
17.9	12	25.1	0	0	0	0.8	0	2340	7.14	154	77
13.5	11.7	15.6	0	0	0	1.9	0	1368	4.51	155	88
12.6	10.3	15.6	0	0	0	0.9	0	936	18.38	156	94
9.9	6.7	12.2	0	0	0	0.5	0	1296	0.84	157	77
10.3	6.4	14.9	0	0	0	0.4	0	1836	0	158	74
10.6	5.3	15.5	0	0	0	0.2	0	2016	0	159	73
12	3.2	18.7	0	0	0	0.2	0	2520	0	160	70
11.7	8.6	17	0	0	0	0.3	0	1224	0	161	82
9.9	6.8	13.6	0	0	0	0.6	0	1548	0	162	77
10.2	6.2	13.5	0	0	0	0.6	0	1404	9.13	163	87
11.6	6.7	15.9	0	0	0	1.2	0	2124	0	164	78
14.7	5.6	21.2	0	0	0	0.3	0	2628	0	165	66
17.3	6.9	24.1	0	0	0	0.2	0	2700	0.32	166	66
18.1	13.3	21.3	0	0	0	1	0	2304	0	167	69
17.6	13.4	21.7	0	0	0	1.2	0	864	0	168	89
15.5	8.7	21.7	0	0	0	0.3	0	2952	0	169	67
18.3	7.7	26.5	0	0	0	0.2	0	2844	0	170	67
22.7	13.3	29.2	0	0	0	0.5	0	2700	0	171	67
21.1	15	26.5	0	0	0	0.5	0	2160	0	172	75
17.4	11.7	22.5	0	0	0	0.3	0	2664	0	173	69
20.9	11.8	28	0	0	0	0.3	0	2772	0	174	66
23.7	18.1	30.7	0	0	0	0.1	0	2196	0	175	69
16.9	10.9	20.2	0	0	0	0.2	0	864	9.35	176	91
15	9.7	21.7	0	0	0	0.2	0	2232	0	177	78
14.7	6.5	21.4	0	0	0	0.1	0	2844	0	178	71
15.3	7.5	22.2	0	0	0	0.3	0	2736	0	179	72
15.6	6.7	23.5	0	0	0	0.3	0	1944	0	180	72
16.5	13.6	18.6	0	0	0	0.3	0	720	2.1	181	90
16.8	14.1	21	0	0	0	0.6	0	1512	2.73	182	87
17.9	9.9	23	0	0	0	0.1	0	1908	0	183	76
19.6	14.6	24.4	0	0	0	0.2	0	1404	0	184	82
20.2	12.6	29	0	0	0	1.7	0	2016	2.21	185	78
14.9	9.3	20.5	0	0	0	0.8	0	1800	0	186	77
14.6	6.6	21.7	0	0	0	0.6	0	1584	12.08	187	83
16	12.5	21	0	0	0	0.4	0	1656	4.2	188	79
15.2	13.2	18.5	0	0	0	0.1	0	900	7.77	189	92
16.6	11.6	22	0	0	0	0	0	1260	1.58	190	88
21.6	14.2	28.9	0	0	0	0.5	0	2628	0	191	65
20.5	14.3	26.9	0	0	0	0.4	0	2448	0	192	75
21.9	14.7	29.4	0	0	0	0.3	0	2664	0	193	66
20.3	14.3	26.6	0	0	0	0.2	0	2376	0	194	74
20	13.6	27.1	0	0	0	0.2	0	2268	0	195	72
20.8	13.7	27.5	0	0	0	1.2	0	1980	0	196	69
16.1	10.7	20.3	0	0	0	0.6	0	1692	0	197	74
15.8	9.4	20.4	0	0	0	0.5	0	1260	0	198	77
19.6	10.1	26.1	0	0	0	0.2	0	2088	3.15	199	69
17.5	14.9	20.3	0	0	0	2.4	0	1512	2.63	200	70
14.9	12.1	19.4	0	0	0	2.7	0	1476	8.29	201	82
13.7	11.9	15.4	0	0	0	3.9	0	360	4.09	202	96
13.2	12	13.8	0	0	0	2.3	0	468	6.83	203	97
14.2	12	17.7	0	0	0	2.1	0	1080	0.21	204	87
17.3	11.6	23.2	0	0	0	0.8	0	2124	3.15	205	74
17.5	15.5	20.6	0	0	0	1.3	0	1188	12.08	206	88
14.9	11.7	16.8	0	0	0	0.3	0	720	0	207	86
16.9	11.4	20.5	0	0	0	1.8	0	1224	0.63	208	83
22.8	15.8	29.1	0	0	0	0.5	0	1944	0	209	76
22.4	18	27.5	0	0	0	1.1	0	1512	23.63	210	79
18	14.2	20.6	0	0	0	1.8	0	1368	9.03	211	85
14.9	12.9	18.1	0	0	0	3.2	0	936	7.35	212	87
14.6	11	17.5	0	0	0	2	0	1116	0	213	77
14.7	9.5	18.6	0	0	0	0.2	0	1296	0	214	81
15.2	9.9	21.9	0	0	0	0.8	0	1728	8.72	215	82
15.1	10.5	19.6	0	0	0	1.4	0	1872	0.53	216	78
14.5	12.2	19.5	0	0	0	1.4	0	828	7.88	217	88
12.1	9.7	15.5	0	0	0	1.2	0	1008	7.67	218	92
12.4	8.9	16.6	0	0	0	0.9	0	1872	4.2	219	87
14	10.7	19.3	0	0	0	1.1	0	1368	2.1	220	88
13.4	11.8	15	0	0	0	2.1	0	720	3.04	221	80
14.4	11.7	17.6	0	0	0	2.5	0	936	0.32	222	82
14.4	10.3	17.9	0	0	0	1.8	0	900	0	223	85
13.7	9.7	17	0	0	0	0.1	0	720	0	224	87
15.5	12.2	18.4	0	0	0	1.3	0	1116	7.77	225	75
15.4	14	18.4	0	0	0	0.5	0	612	3.15	226	93
16	11.9	19.2	0	0	0	0.3	0	828	0	227	87
14.1	9.2	19.2	0	0	0	0.2	0	1368	0	228	81
16.1	10	21.7	0	0	0	1.1	0	1800	0	229	77
20.1	12.3	26.9	0	0	0	2.5	0	2124	0	230	67
20.9	16.2	28.3	0	0	0	1.8	0	1728	9.24	231	75
17.5	16.4	19	0	0	0	0.1	0	540	6.09	232	95
17.1	15.5	19	0	0	0	0.1	0	756	4.51	233	90
16	15.1	17.3	0	0	0	0.1	0	288	0.21	234	96
16.6	11.9	20.8	0	0	0	0.5	0	1152	0	235	84
15.1	8.5	20.5	0	0	0	1.3	0	1908	4.3	236	70
14.1	10.9	16.9	0	0	0	2.2	0	540	6.83	237	91
12.4	9.1	17.4	0	0	0	2	0	1404	1.26	238	82
14.7	10.1	19.5	0	0	0	1.1	0	1476	0	239	82
15.7	9.7	21.3	0	0	0	0.8	0	1548	0	240	81
18.1	12.7	24.6	0	0	0	1.1	0	1872	0	241	73
17.9	10.5	24.6	0	0	0	0.5	0	1728	0	242	78
21.3	14.9	27.8	0	0	0	3.4	0	1872	0	243	72
21.4	16.6	29	0	0	0	2.4	0	1692	0	244	78
18.7	15.1	23.3	0	0	0	0.3	0	1224	0	245	84
16.4	11.6	22	0	0	0	0.4	0	1836	0	246	73
16.9	8.6	23.9	0	0	0	0.3	0	1800	0	247	73
19.1	13.6	25.7	0	0	0	0.9	0	1800	0	248	69
19.6	12.1	27.7	0	0	0	0.6	0	1692	0	249	72
20.1	14.2	26.7	0	0	0	0.6	0	1548	0	250	79
15	14.5	15.4	0	0	0	1	0	1613.16	0	251	98
19.7	16	24.9	0	0	0	1.4	0	1207.8	3.15	252	76
19.33	14.8	25	0	0	0	1	0	1454.76	0	253	82.73
16.67	15.9	17.5	0	0	0	1	0	284.04	0	254	91.11
15.83	10.5	19	0	0	0	0.5	0	925.92	0	255	83.18
13.59	8	20	0	0	0	0.1	0	1457.28	0	256	77.93
14.52	10.9	17	0	0	0	1.6	0	502.92	1.58	257	91.4
13.91	11.4	17.8	0	0	0	0.7	0	696.6	24.68	258	89.74
10.9	7	14.9	0	0	0	0.4	0	1186.2	0.63	259	86.46
9.29	5	14.8	0	0	0	0.2	0	1226.52	0.73	260	83.03
10.6	3.1	16.8	0	0	0	0.2	0	1404	0	261	79
12.1	6.9	19	0	0	0	0.3	0	1512	0	262	77
12	5.4	20.1	0	0	0	0.1	0	1476	0	263	77
12.8	6.5	20.2	0	0	0	0.3	0	1404	0	264	79
13.7	9.2	20.6	0	0	0	0.9	0	1440	0	265	78
14.6	9.1	22.4	0	0	0	0.6	0	1368	0	266	75
13.4	8.5	19.1	0	0	0	0.3	0	720	0	267	91
13.9	7.9	20.5	0	0	0	0.4	0	720	3.99	268	89
14.2	11.9	17.6	0	0	0	0.6	0	900	2.63	269	91
14.7	12.8	17.2	0	0	0	1.3	0	468	1.58	270	87
12.4	8.1	15.8	0	0	0	1.2	0	936	6.83	271	86
10.6	8.8	14.7	0	0	0	1.7	0	828	3.57	272	87
11	7.2	14.1	0	0	0	1.3	0	720	11.03	273	87
11.8	7.6	15.6	0	0	0	1	0	432	3.99	274	92
10.5	6.1	15.5	0	0	0	0.2	0	936	0	275	86
9.9	3.7	16.3	0	0	0	0.1	0	1080	0	276	86
10.5	6.2	15.9	0	0	0	0.5	0	720	0	277	89
13.4	9	18.9	0	0	0	1.4	0	1080	0	278	88
13.1	10.7	17.6	0	0	0	1.6	0	684	0	279	95
13.9	11.2	19.4	0	0	0	2.5	0	1044	0	280	85
13.7	9.2	19.1	0	0	0	0.2	0	900	0	281	88
12.7	10.9	14.3	0	0	0	0.1	0	252	0	282	96
14.5	9.7	20.9	0	0	0	0.7	0	1044	0	283	86
13.6	10.2	19.2	0	0	0	1.6	0	1116	0	284	80
13.9	8.8	20.9	0	0	0	1.6	0	1008	0	285	80
11.4	6.3	18.6	0	0	0	0.4	0	1044	0	286	85
11.3	4.9	19.3	0	0	0	0	0	864	0	287	84
9.7	6.6	14.6	0	0	0	1	0	720	0	288	89
8.7	4.4	14.1	0	0	0	3	0	1080	0	289	72
8	3.9	12.9	0	0	0	3.4	0	972	0	290	84
8.2	5.4	13	0	0	0	4	0	756	0	291	82
7.9	4.1	13.1	0	0	0	2.3	0	684	4.51	292	81
11.3	7.5	16.4	0	0	0	1.4	0	612	1.05	293	85
11.2	6.2	15	0	0	0	1.1	0	252	6.93	294	95
12.5	11	14.5	0	0	0	2.4	0	432	1.58	295	88
10.4	7.6	12	0	0	0	0.4	0	360	2.63	296	92
11	8.1	13.7	0	0	0	1.3	0	108	22.57	297	97
13.2	11.9	13.9	0	0	0	4	0	144	12.6	298	87
12.9	9.4	16.3	0	0	0	2.4	0	576	0	299	84
14.8	10.2	20.9	0	0	0	0.8	0	684	0	300	89
15.6	11.9	21	0	0	0	0.9	0	720	0	301	83
15.1	11.6	21	0	0	0	0.3	0	648	0	302	82
14.8	11.5	20.5	0	0	0	0.4	0	684	0	303	83
14.6	10.4	20	0	0	0	0.9	0	684	0.32	304	76
13.1	8.3	16.1	0	0	0	1	0	360	0	305	82
10.2	6	13.2	0	0	0	1.4	0	144	4.96	306	92
15.4	13.3	18.6	0	0	0	2.9	0	540	0	307	77
13	10.1	14.6	0	0	0	1.4	0	252	0	308	88
8.8	5.7	11.9	0	0	0	2.2	0	576	0	309	86
10	5.5	14.4	0	0	0	2.2	0	612	0	310	85
9.7	8.2	10.6	0	0	0	1.6	0	108	1.65	311	93
10	6.5	15.5	0	0	0	1.6	0	540	0	312	89
9.6	5.9	13.3	0	0	0	0.5	0	468	0	313	84
7.8	3.8	10.5	0	0	0	2.2	0	396	0.83	314	88
11	9.1	12.5	0	0	0	3.3	0	108	1.18	315	92
9.2	6.5	10.5	0	0	0	1.9	0	144	0	316	87
7	2.7	11	0	0	0	0.1	0	288	0	317	92
4.3	0.8	9	0	0	0	0.9	0	432	8.26	318	91
5.9	4.5	8.4	0	0	0	2.4	0	108	3.42	319	96
3.1	1.4	4.4	0	0	0	0.6	0	144	11.45	320	98
2.2	-0.7	4.4	0	0	0	1	0	216	6.61	321	96
0.3	-2.4	5.9	0	0	0	0.1	0	396	0	322	97
0	-3.8	2.9	0	0	0	1	0	324	1.65	323	99
5.2	2.2	6.9	0	0	0	2.1	0	108	6.14	324	95
3.7	-1.7	8.9	0	0	0	1	0	252	0	325	95
0.4	-2.5	2.4	0	0	0	0	0	144	0.47	326	99
3.1	2.4	3.6	0	0	0	0.1	0	108	0.83	327	97
2.8	0.8	3.8	0	0	0	3	0	72	18.88	328	97
0.8	0.1	2.1	0	0	0	3.6	0	72	7.08	329	95
0.4	0.2	0.8	0	0	0	3.1	0	108	7.67	330	96
0.6	-0.5	1.5	0	0	0	0.9	0	144	0	331	92
-0.3	-1.7	1.2	0	0	0	0.3	0	108	0	332	98
1.9	1.3	3	0	0	0	2.2	0	72	0	333	98
2.1	0.7	5.1	0	0	0	2.7	0	216	0	334	92
1	-0.3	3	0	0	0	2.1	0	360	0	335	80
1	-1.4	2.8	0	0	0	4	0	288	0	336	71
3.8	0.2	6.5	0	0	0	3	0	288	0	337	81
6.5	5.3	8	0	0	0	2	0	108	2.24	338	93
6.1	5.6	7	0	0	0	2.6	0	108	2.36	339	94
5.7	3.9	6.3	0	0	0	1.5	0	36	0.59	340	93
5.8	4.6	6.9	0	0	0	1.6	0	108	2.71	341	96
4.1	1.2	5.6	0	0	0	0.7	0	36	0	342	98
3.2	2.7	4.4	0	0	0	0	0	180	0	343	97
1	-0.6	3.3	0	0	0	0.6	0	216	0	344	96
2.8	2	3.8	0	0	0	3	0	36	0	345	92
4.8	0.6	8.4	0	0	0	0.7	0	216	0	346	95
4.3	0.8	7.6	0	0	0	0.9	0	180	0.35	347	93
6	4.7	7.5	0	0	0	1.5	0	180	0.47	348	94
6.6	5.8	7.3	0	0	0	4.3	0	108	10.27	349	88
4.1	0.2	8.4	0	0	0	3.5	0	216	10.15	350	88
-0.9	-4.1	0.4	0	0	0	0.9	0	144	12.63	351	97
0.4	-1	1.6	0	0	0	1.4	0	324	2.95	352	95
1.7	0.2	3.5	0	0	0	2.5	0	108	0.71	353	97
4.4	2.7	5.7	0	0	0	3	0	108	0.94	354	94
4.4	2.9	5.7	0	0	0	2.4	0	36	1.42	355	97
6.1	5.1	6.8	0	0	0	2.3	0	144	1.89	356	96
7	5.2	8	0	0	0	3.2	0	108	0.35	357	95
7.2	5.3	8.3	0	0	0	3	0	144	3.42	358	91
3.2	0.4	4.9	0	0	0	0.7	0	288	0	359	94
-0.5	-2.3	2.4	0	0	0	0.3	0	144	0.35	360	95
-1.9	-3.2	-0.4	0	0	0	2.6	0	144	0	361	87
-2.7	-4.5	-0.9	0	0	0	1.3	0	216	0.71	362	88
-1.7	-3.5	-0.6	0	0	0	2.4	0	144	0.35	363	94
-1.2	-3.4	0	0	0	0	3.8	0	252	11.21	364	81
2	-3.4	4.6	0	0	0	2.8	0	108	1.18	365	98
