Tp_av	Tpmin	Tpmax	T_s10	T_s20	vappd	wind	sundu	radia	prec	tagesnummer	RF
C_deg	C_deg	C_deg	C_deg	C_deg	mm_Hg	m/se	hours	J/cmı	mm	jday	%
50	-----	-----	-----	-----	-----	2m	-----	------	--	0	0
-0.7625	-2	0.4	0	0	0	0	0	107.28	0	1	95.2166
-0.1375	-0.8	0.4	0	0	0	2.7	0	92.52	0.61	2	87.8
-1.5875	-2.3	-0.2	0	0	0	6.8	0	158.04	0	3	76.5583
-1.9416	-2.5	-1.3	0	0	0	5.7	0	147.24	3.78	4	73.1125
3.9333	-0.9	5.9	0	0	0	2.8	0	86.4	8.66	5	87.9416
3.7125	1.2	5.5	0	0	0	1.4	0	157.32	4.27	6	93.3791
4.6125	1.4	7.6	0	0	0	3.8	0	109.08	0.37	7	83.7375
5.6208	3.9	6.8	0	0	0	3.2	0	155.52	0	8	84.4416
5.5208	4.1	6.7	0	0	0	3	0	85.68	0	9	83.8166
6.6541	4	9.5	0	0	0	3.6	0	256.68	6.22	10	77.9375
9.8083	8	11.3	0	0	0	2.8	0	155.88	1.95	11	78.5333
6.4791	3.2	10.4	0	0	0	3.2	0	59.76	0.85	12	81.7041
4.3916	1.7	7.6	0	0	0	2.1	0	253.44	0	13	78.6083
4.8375	0.9	7.9	0	0	0	2.9	0	213.84	1.46	14	77.1541
8.2833	7.2	9.6	0	0	0	4.2	0	161.28	2.07	15	76.5083
8.1125	5.4	9.7	0	0	0	3.6	0	325.8	0	16	74.6958
5.6208	3	7.7	0	0	0	2.1	0	154.08	9.15	17	88.95
7.7666	6	11	0	0	0	3.7	0	126.36	9.76	18	90.2416
9.5458	6.5	11.5	0	0	0	3.3	0	69.84	23.79	19	93.15
9.9791	7.2	11.2	0	0	0	3.5	0	63.72	28.67	20	94.3291
8.65	6.8	9.7	0	0	0	4.3	0	38.88	29.65	21	92.9291
3.0291	1	6.4	0	0	0	0.7	0	387	0	22	84.9
4.125	0.7	7.7	0	0	0	2.8	0	99.36	0.61	23	90.8041
7.4166	4	8.9	0	0	0	4	0	58.32	5.37	24	86.8708
5.5166	2.5	7.8	0	0	0	4.7	0	276.12	0	25	79.2166
7.9458	6.6	9.7	0	0	0	5.7	0	238.32	23.91	26	81.1833
7.3833	6.7	8.6	0	0	0	4	0	70.92	2.68	27	92.5
7.4875	6.6	8.6	0	0	0	1.4	0	143.28	0	28	88.8458
5.9041	4.7	6.5	0	0	0	1.8	0	88.92	0.37	29	79.6
3.8291	1.2	5.5	0	0	0	2	0	151.56	2.44	30	89.3833
2.7166	0.9	4.4	0	0	0	5	0	145.8	8.54	31	81.75
5.1416	3.5	7	0	0	0	5.7	0	262.8	3.69	32	68.5208
2.1458	1.1	3.9	0	0	0	2.9	0	333	0	33	81.3166
2.6666	1.1	5.5	0	0	0	3.2	0	500.4	0	34	61.6916
4.1791	2.1	7.4	0	0	0	2.7	0	146.88	1.72	35	72.9375
5.1083	2.6	8.4	0	0	0	3.6	0	70.2	12.05	36	88.7416
6.9958	2.9	9	0	0	0	2.9	0	190.44	4.92	37	88.3291
4.6666	0.8	8.5	0	0	0	1.8	0	576	0	38	81.775
6.525	3	10.9	0	0	0	1.1	0	489.96	0	39	65.625
5.25	0.7	13.1	0	0	0	0.5	0	707.04	0	40	69.2416
4.4125	-0.6	13.2	0	0	0	0.2	0	631.08	0	41	79.5208
4.6333	-0.7	14.3	0	0	0	0.1	0	702.36	0	42	79.55
1.2958	-1.7	4.3	0	0	0	1.2	0	195.12	0	43	93.8291
1.3208	-2.7	5.9	0	0	0	0.2	0	545.4	0	44	90.2916
3.3291	1	4.7	0	0	0	0.3	0	96.84	0	45	93.0625
-0.2208	-4.3	4.4	0	0	0	1.2	0	835.92	0	46	69.4958
-2.0666	-5.4	3	0	0	0	0.7	0	849.96	0	47	75.625
-0.1	-5.2	6.4	0	0	0	1.5	0	860.76	0	48	68.8458
3.2541	0.1	5.4	0	0	0	1.5	0	175.32	0	49	92.9916
2.3791	-2.5	5.3	0	0	0	1.2	0	532.44	0	50	92.4666
1.4833	-2.2	7.2	0	0	0	0.4	0	384.48	0	51	92.7208
5.4166	0.5	8.2	0	0	0	3.5	0	331.56	0.86	52	90.0583
9.4875	7.2	11	0	0	0	5.8	0	186.12	1.85	53	82.0166
8.2	3.9	10.5	0	0	0	3.5	0	569.16	0	54	72.1208
8.8375	7.5	10.6	0	0	0	2.8	0	335.16	5.29	55	75.4125
6.9041	4	10.3	0	0	0	1.8	0	927.36	0	56	76.5125
8.8541	6.4	12.1	0	0	0	4.1	0	153	4.92	57	84.2041
6.275	3.4	8.9	0	0	0	4.1	0	441.72	0	58	75.0791
5.2708	2.1	9.7	0	0	0	1.1	0	610.56	0	59	83.8375
5.6833	1.1	10.1	0	0	0	2.6	0	652.32	22.75	60	81.0833
6.6958	4.9	8.6	0	0	0	6.1	0	235.44	14.28	61	77.1458
7.7208	5.5	9.7	0	0	0	5.4	0	338.76	0	62	75.7041
4.925	1.5	7.9	0	0	0	4.4	0	662.04	0.24	63	76.8375
2.325	-0.6	7.4	0	0	0	1.2	0	840.24	1.78	64	78.8708
2.5083	-0.6	6.5	0	0	0	1.6	0	998.28	0.24	65	66.4833
5.7041	3.6	7.3	0	0	0	3.9	0	184.68	3.81	66	90.8958
7.0541	4	8.6	0	0	0	2	0	247.68	0	67	87.7416
6.475	2.2	10.9	0	0	0	2.4	0	1011.24	0	68	69.5208
8.4916	6.8	10	0	0	0	3.3	0	438.48	0.24	69	71.2125
8.0083	5.2	11.8	0	0	0	4.3	0	788.76	2.86	70	68.1291
7.175	5.3	10	0	0	0	4.5	0	435.24	10.71	71	82.05
6.2375	4.7	7.4	0	0	0	6.1	0	402.12	11.07	72	75.4916
5.8916	4.1	8.7	0	0	0	4.5	0	727.92	3.21	73	77.2333
6.2583	2.1	9.8	0	0	0	1.9	0	818.28	0	74	79.8541
6.3541	1.9	11.4	0	0	0	0.6	0	786.96	0.36	75	73.325
4.7958	3.4	5.8	0	0	0	1.7	0	228.24	8.21	76	92.2041
3.475	0.1	6.5	0	0	0	1.6	0	844.56	2.26	77	75.2875
2.8125	-0.4	7.6	0	0	0	1.7	0	941.4	2.38	78	84.1375
3.6375	0.5	7.5	0	0	0	1.5	0	1204.56	2.02	79	72.5958
2.925	0.1	6	0	0	0	3.3	0	666.72	16.42	80	89.8333
2.9125	0.7	4.1	0	0	0	2.3	0	471.96	9.76	81	93.3333
0.7916	-1.2	3.4	0	0	0	1.4	0	426.6	0	82	83.4708
0.0208	-5.1	4.3	0	0	0	1.2	0	1604.52	0	83	53.7833
0.6791	-0.8	3.3	0	0	0	1.8	0	659.88	5.35	84	82.0875
0.3333	-1.8	3.9	0	0	0	2.7	0	968.04	6.78	85	88.9916
1.3041	-1.7	5.3	0	0	0	2.3	0	1323.72	0.36	86	87.9083
3.7291	-2.8	8.8	0	0	0	2	0	1382.76	0	87	72.6916
6.6	1.4	9.5	0	0	0	2.7	0	709.56	6.07	88	73.7458
7.9666	4.4	12	0	0	0	4	0	965.52	3.57	89	69.4166
10.5625	7.2	18.3	0	0	0	2.8	0	1123.92	11.31	90	62.5
8.9333	3.7	11.7	0	0	0	1.6	0	724.32	0	91	83.7458
8.2958	2.9	14.7	0	0	0	2.6	0	1037.16	5.5	92	81.3625
7.2875	5.7	10.2	0	0	0	2.9	0	732.6	5.28	93	86.675
6.6541	5.3	8.8	0	0	0	1.1	0	525.24	0	94	85.5416
7.2125	4.9	9.8	0	0	0	2.1	0	637.2	3.3	95	87.4666
6.2166	1.6	8.2	0	0	0	0.9	0	694.8	7.04	96	85.375
3.2625	-0.9	7.6	0	0	0	1.1	0	1377.72	2.09	97	76.5375
3.225	-2.1	9	0	0	0	0.4	0	1481.04	0	98	72.2375
3.9833	-1.2	9.4	0	0	0	0.7	0	1366.2	0	99	72.1208
5.1875	-0.8	11.5	0	0	0	1.1	0	1637.64	0	100	68.5458
4.5208	-1.2	9.5	0	0	0	1.2	0	1217.16	0	101	78.8541
4.5041	2	6.6	0	0	0	1.5	0	338.04	0	102	90.6708
8.2875	2.5	13.6	0	0	0	2.1	0	1449.36	0	103	68.4166
7.725	3.2	13	0	0	0	1.1	0	1132.56	1.21	104	74.0041
5.6208	1.7	9.5	0	0	0	0.7	0	544.68	0	105	84.1333
4.2416	-0.3	8.4	0	0	0	0.6	0	943.92	0	106	80.8916
3.6416	-1	8.3	0	0	0	0.4	0	1055.52	0	107	80.2375
5.2208	-1	10.3	0	0	0	1.3	0	1364.04	0	108	79.4541
6.9375	5.2	9.2	0	0	0	4.1	0	691.2	0	109	76.0375
7.3	3.4	9.8	0	0	0	4.9	0	1508.76	0	110	69.8875
9.3625	6.5	13.4	0	0	0	4.4	0	1216.08	0	111	66.3833
11.4833	5.4	17.7	0	0	0	5	0	2099.16	0	112	60.4166
11.3166	6.2	17.3	0	0	0	3.9	0	1945.44	0	113	61.2791
12.2083	3.5	20	0	0	0	2.4	0	2041.92	4.84	114	59.7416
12.6166	8.3	16.5	0	0	0	1.4	0	1010.52	0	115	70.6208
10.7375	5.9	15.8	0	0	0	1.8	0	1427.04	0	116	77.875
11.2541	4.9	16.7	0	0	0	1.1	0	1241.28	0	117	74.5541
15.85	7.7	22.1	0	0	0	2.2	0	1886.04	0	118	52.7291
12.4958	9.2	16.6	0	0	0	1.3	0	596.16	11.22	119	76.6125
11.2041	8.1	15.1	0	0	0	1.2	0	1184.04	3.3	120	78.0583
14.1583	8.3	20	0	0	0	2.7	0	1666.08	0.33	121	58.8291
11.2708	5.7	16.5	0	0	0	2.2	0	1752.48	3.68	122	70.1208
9.85	4.1	16.7	0	0	0	0.7	0	1614.24	0	123	80.0041
11.7291	4.2	17.5	0	0	0	0.7	0	1908	0	124	68.2041
14.15	7.1	20.2	0	0	0	2.1	0	2431.8	0	125	53.7458
14.875	6	21.2	0	0	0	1.7	0	2238.12	0	126	59.1041
16.1791	9.8	22.2	0	0	0	2.1	0	2450.52	0	127	55.3583
16.5125	7.2	23.8	0	0	0	0.9	0	2442.6	0	128	55.4291
17.3916	9.2	24.7	0	0	0	1.1	0	2472.48	0	129	57.2041
18.8416	8.8	25.7	0	0	0	1.9	0	2481.12	0	130	48.2
19.4916	12.2	26.1	0	0	0	2.9	0	2570.4	0	131	44.85
18.6666	10.9	25.9	0	0	0	2.1	0	2416.68	0	132	54.4458
18.9625	10.5	26.5	0	0	0	1.1	0	2205.36	0	133	54.025
17.9833	11.5	23.7	0	0	0	1.4	0	2291.04	0	134	59.3791
16.7916	9.5	23.7	0	0	0	2.2	0	2471.04	0	135	60.8666
15.8583	10.2	23.9	0	0	0	0.8	0	2156.76	0	136	72.2416
12.3208	9.5	15.6	0	0	0	0.1	0	668.52	1.58	137	87.85
9.6833	8.2	11.6	0	0	0	0.2	0	523.08	7.04	138	92.7083
10.8041	5	15.1	0	0	0	0.3	0	1987.2	0	139	63.1666
9.0666	2.7	14	0	0	0	0.5	0	1658.52	0	140	65.3875
9.425	1.5	14.1	0	0	0	0.6	0	1726.56	0	141	65.1875
12.15	4.9	18.3	0	0	0	1.2	0	2445.12	0	142	61.3416
14.2791	6.7	20.7	0	0	0	1.5	0	2558.88	0	143	56.0041
15.9041	9	21.7	0	0	0	1.9	0	2595.6	0	144	51.2875
16.7708	10	22.4	0	0	0	3.2	0	2756.88	0	145	49.9708
13.3958	10	16.5	0	0	0	2.7	0	918	0.63	146	78.0291
12.4375	10.7	14.4	0	0	0	1.4	0	911.16	0	147	86.5708
14.5166	10.6	18.3	0	0	0	4.7	0	1377	0	148	72.675
19.8166	14.3	25.4	0	0	0	3.6	0	1891.8	0	149	65.5708
20.8791	13.8	27.3	0	0	0	2.7	0	1734.48	0	150	50.6666
21.9958	16.7	29	0	0	0	1.7	0	2359.08	0	151	55.3583
19.6083	14.3	27.1	0	0	0	0.7	0	2306.52	0	152	71.1625
20.1041	13.3	27.7	0	0	0	0.7	0	2165.04	0	153	69.2791
23.7791	14.7	31.3	0	0	0	1.1	0	2596.32	0	154	61.325
20.9083	17.2	24.5	0	0	0	1	0	1568.16	10.19	155	75.4083
17.1375	14.4	19.3	0	0	0	0.3	0	927	4.2	156	88.0875
19.2875	11.6	26.1	0	0	0	1.7	0	2619.72	0	157	62.1875
19.8875	13.9	25.6	0	0	0	2.4	0	2713.32	0	158	54.9166
20.9291	13.5	27.3	0	0	0	1	0	2643.84	0	159	54.6208
21.2	12.5	27.9	0	0	0	0.9	0	2715.48	0	160	51.3541
19.8833	11.7	26.7	0	0	0	0.4	0	2539.8	0	161	58.9458
17.6208	10.5	24	0	0	0	1	0	2112.48	0	162	67.5333
13.6208	9.1	17.6	0	0	0	1.2	0	1572.12	0	163	69.5791
12.5625	6.9	16.9	0	0	0	0.7	0	1516.32	0.53	164	67.9166
10.7416	6.6	15.2	0	0	0	0.7	0	1415.52	0.42	165	82.8958
11.4083	6.6	17	0	0	0	0.7	0	1612.8	10.29	166	78.7375
10.8708	6.6	16.8	0	0	0	0.7	0	1713.6	1.99	167	79.2333
11.0416	5	16.7	0	0	0	0.8	0	1820.16	2.63	168	76.6125
13.6125	5.3	20.5	0	0	0	0.2	0	2648.16	0	169	63.0791
15.8791	7.2	21.4	0	0	0	1	0	1992.6	0	170	62.0708
15.6541	10.2	20.8	0	0	0	1.4	0	1262.88	4.2	171	76.3625
15.8	9.5	20	0	0	0	1.4	0	2066.76	0	172	65.95
17	10.4	22.1	0	0	0	0.4	0	2106.36	0	173	64.5083
20.7041	14.8	28.6	0	0	0	1	0	1632.6	5.57	174	70.7791
14.5708	6.9	18.2	0	0	0	1.8	0	1611	0	175	69.2083
14.0583	4.7	21.1	0	0	0	0.6	0	2758.32	0	176	60.8291
18.25	9.8	26	0	0	0	1.1	0	2265.12	0	177	61.2916
17.6125	11.6	23.2	0	0	0	0.9	0	2182.32	1.37	178	63.9166
15.35	11.9	20.1	0	0	0	1.5	0	1292.4	0.53	179	73.5375
17.2583	12.1	22.5	0	0	0	1.4	0	1346.76	4.41	180	81.1041
17.55	11	22.3	0	0	0	1.1	0	1963.44	0	181	70.2833
17.3458	10.4	23.7	0	0	0	0.7	0	2472.48	0	182	63.2541
19.3208	8.6	28.1	0	0	0	0.2	0	2665.8	0	183	60.6708
24.8541	15	32.7	0	0	0	0.8	0	2647.8	7.88	184	52.4125
20.75	13.5	27.6	0	0	0	0.7	0	1851.48	5.25	185	74.3291
15.3833	13.4	19.2	0	0	0	0.2	0	847.44	6.83	186	90.3708
17.9416	11.7	24.3	0	0	0	0.1	0	2433.96	0	187	69.7208
18.7958	12.1	24.2	0	0	0	0.5	0	2030.04	1.47	188	69.6666
15.4458	13.3	18.7	0	0	0	1.1	0	1442.16	5.15	189	75.3791
14.95	11.5	18.3	0	0	0	1.1	0	1333.08	6.3	190	81.6916
15.1958	10.4	18.8	0	0	0	1	0	1355.04	8.93	191	73.3625
16.9041	13.3	18.9	0	0	0	0.3	0	773.28	5.46	192	92.2958
17.1041	13.9	20.9	0	0	0	0.4	0	1480.32	1.16	193	80.7458
15.5208	11	19.5	0	0	0	0.9	0	1701	2.1	194	76.3875
15.2125	7.7	21.6	0	0	0	0.6	0	2260.44	0	195	67.9416
17.2541	10.2	22	0	0	0	0.6	0	1910.16	2.94	196	64.6875
17.1	11.8	20.7	0	0	0	0.6	0	845.28	0	197	80.5041
16.0166	9.3	19.9	0	0	0	0.7	0	1216.44	0	198	76.25
14.7041	8.9	20.5	0	0	0	0.4	0	1296.72	1.05	199	80.3
14.4833	12.8	17.6	0	0	0	0.5	0	709.92	19.43	200	91.225
15.1083	12.6	18.3	0	0	0	0.6	0	867.96	8.93	201	90.475
14.4291	11.8	18.1	0	0	0	0.8	0	1567.44	1.26	202	72.4083
13.0041	10.4	16.4	0	0	0	1.2	0	882	2.31	203	87.5416
14.5916	9.5	18.8	0	0	0	0.4	0	1527.84	0	204	78.475
15.6291	11.3	19.9	0	0	0	0	0	752.76	0	205	83.9916
19.1458	9.1	26.7	0	0	0	0.6	0	2601.72	0	206	65.3791
21.5833	15.9	27.6	0	0	0	0.5	0	1758.96	0	207	69.5708
24.6	19.6	31.1	0	0	0	0.5	0	1919.16	0	208	67.0416
22.6833	17.5	31	0	0	0	0.1	0	1729.8	0	209	74.8333
24.8291	17.1	31.6	0	0	0	0.9	0	2391.84	0	210	57.1125
22.5416	18	31.3	0	0	0	0.5	0	1614.24	15.96	211	67.4833
20.7416	13.4	26.9	0	0	0	0.1	0	2405.52	0	212	70.4291
24.4916	16.8	31.2	0	0	0	0.8	0	2265.84	0	213	59.1791
21.0166	13.4	27.1	0	0	0	0.4	0	1560.96	2.63	214	71.2291
18.85	11	25.2	0	0	0	0.3	0	1701.72	1.05	215	68.0291
18.9875	16.2	23.2	0	0	0	0.8	0	1283.76	15.12	216	79.5666
17.1583	14.4	20.6	0	0	0	1.1	0	1571.4	8.29	217	77.7375
18.1833	13.2	23.5	0	0	0	0.3	0	1935.72	0.32	218	72.1666
20.9291	16.2	27.5	0	0	0	0.4	0	1779.12	0	219	75.0791
21.8458	15.1	29.7	0	0	0	0.5	0	1728.72	7.88	220	75.4833
17.1	11.7	21.8	0	0	0	0.5	0	1269.72	1.16	221	82.4791
16.5166	10.1	21.2	0	0	0	0.6	0	1872.72	1.05	222	67.0125
17.5875	15.3	21.5	0	0	0	1.2	0	941.76	1.68	223	84.175
17.0541	12.3	20.7	0	0	0	0.7	0	1319.76	0	224	75.0416
17.7958	12.7	24	0	0	0	0.6	0	1119.96	0.32	225	76.8333
16.7	13.2	20.4	0	0	0	1.7	0	1454.4	2.63	226	68.7791
16.3791	8.6	22.2	0	0	0	1.3	0	1819.08	0	227	66.7625
14.7375	7.2	22.3	0	0	0	0	0	1850.4	0	228	71.4291
14.6916	6.1	22.3	0	0	0	0	0	1901.52	0	229	70.7916
16.8416	7.3	24.7	0	0	0	0.1	0	1629.72	0	230	70.45
15.9333	14.2	17.9	0	0	0	0.2	0	688.32	8.4	231	90.3
17.8125	13.4	21.9	0	0	0	0.9	0	1239.12	2.1	232	76.5
15.8208	13.4	18.9	0	0	0	0.8	0	725.4	17.12	233	89.8916
16.8041	12.4	22.1	0	0	0	0.6	0	1133.64	0.42	234	78.45
16.1166	12.1	21.6	0	0	0	0.2	0	1196.28	17.22	235	81.6458
12.0958	10.8	13.9	0	0	0	0.3	0	339.84	10.5	236	93.5375
15.1125	8.7	20.5	0	0	0	0.3	0	1571.04	0	237	76.9083
16.2208	13.1	20.7	0	0	0	0.4	0	945	0	238	81.6666
17.2708	15.3	19.8	0	0	0	0.4	0	482.76	0	239	86.3791
16.5708	15.8	17.9	0	0	0	0.5	0	375.12	0.95	240	88.6166
17.8166	15.7	20.7	0	0	0	0.5	0	718.56	0	241	83.1041
17.9166	11.5	22.7	0	0	0	0.4	0	1349.28	0	242	78.35
16.2166	8.2	23.6	0	0	0	0.7	0	1688.04	0	243	75.6875
19.3416	11.5	27	0	0	0	0.8	0	1801.8	0	244	64.4208
17.8	13.5	21.4	0	0	0	0.8	0	955.44	0.11	245	75.8083
16.0458	11.5	20.6	0	0	0	0.9	0	676.08	4.41	246	81.2625
13.875	11.2	17.4	0	0	0	1.2	0	1004.76	0.21	247	86.9208
14.2083	10.4	18.4	0	0	0	1.1	0	1364.04	0	248	76.6375
16.0958	12.3	19.8	0	0	0	0.7	0	1029.96	1.37	249	78.4375
17.7	14.1	20.4	0	0	0	0.9	0	977.04	0.63	250	76.0166
15.5291	12.9	18.2	0	0	0	1.1	0	834.12	4.3	251	82.9333
15.175	11.5	17.6	0	0	0	0.9	0	795.6	0.11	252	88.9
16.7083	10.8	23	0	0	0	0.2	0	1590.48	0	253	75.6291
18.1625	14.9	22.1	0	0	0	0.5	0	1135.08	0.73	254	80.5375
19.0208	11.9	25.4	0	0	0	0.6	0	1481.76	0	255	75.2791
17.95	14.6	21.6	0	0	0	2.6	0	1240.92	0	256	71.1541
13	8.8	16.7	0	0	0	1.7	0	1676.52	0	257	61.2791
12.0875	7.1	16.7	0	0	0	0.4	0	1182.96	0	258	74.2541
12.0708	8	16.3	0	0	0	0.3	0	1161.72	0	259	77.2458
11.6666	9	15.3	0	0	0	0.1	0	612	0	260	82.2041
12.0583	8.5	16.1	0	0	0	0.2	0	1173.96	0	261	76.4541
10.1208	3.5	16.6	0	0	0	0.2	0	1119.24	0	262	77.8291
10.0208	3.9	15.8	0	0	0	0.1	0	1076.76	0	263	78.4791
10.6583	2.8	18.5	0	0	0	0	0	1397.88	0	264	80.3666
11.8583	6.9	17.3	0	0	0	0.1	0	830.16	0.21	265	86.0416
12.1833	9.2	16.2	0	0	0	0.1	0	812.52	0	266	82.2541
12.4958	11.3	14.4	0	0	0	0.2	0	253.44	8.19	267	94.1916
12.7416	10.3	15.4	0	0	0	0.3	0	571.32	0	268	88.6166
12.1541	8.5	17.3	0	0	0	0.3	0	1216.08	0	269	83.35
9.5416	6.3	15	0	0	0	0	0	769.68	0	270	93.975
9.9291	3	19.1	0	0	0	0	0	1287.36	0.11	271	84.5375
10.8	5.6	17.6	0	0	0	0.1	0	920.16	0	272	91.9583
10.3958	8.2	12.3	0	0	0	0	0	262.08	0.53	273	96.0916
10.775	8.6	12.3	0	0	0	1.3	0	258.12	18.9	274	95.9708
10.7916	8.4	13	0	0	0	1.3	0	525.6	15.02	275	93.1916
9.0541	7.5	11.9	0	0	0	1.4	0	626.4	7.67	276	88.8125
8.4583	6	11.8	0	0	0	0.7	0	979.56	1.89	277	87.575
8.4041	5.1	10.2	0	0	0	0.9	0	799.92	1.26	278	80.3458
10.4333	8.6	11.5	0	0	0	1.5	0	163.44	23.52	279	94.9041
11.1041	10.1	12.8	0	0	0	0	0	329.04	2.73	280	98.1666
13.6333	8.8	18.3	0	0	0	0.2	0	725.76	0	281	90.7708
13.525	11.1	15.5	0	0	0	0.1	0	394.2	0.53	282	93.3125
11.8416	6.6	16.4	0	0	0	0.1	0	811.8	0	283	87.6041
10.6833	6.4	15.8	0	0	0	1	0	944.64	0	284	87.2916
12.875	9.1	18.6	0	0	0	1.2	0	929.52	0	285	90.825
11.8791	8.8	15.5	0	0	0	0.8	0	533.16	0.11	286	93.4541
15.1	10.8	20	0	0	0	1.4	0	777.6	0	287	89.475
13.575	9.3	16.2	0	0	0	1.2	0	441	0	288	86.7708
12.7791	10.2	14.7	0	0	0	1.9	0	299.52	7.14	289	94.9625
9.7541	7.4	13.5	0	0	0	2.7	0	395.64	3.89	290	91.9458
8.65	6.5	12	0	0	0	2.2	0	716.4	1.99	291	88.7625
8.8	5.5	12.5	0	0	0	2.1	0	450.36	0	292	90.4291
10.8583	8.5	13.8	0	0	0	2.7	0	555.48	0	293	88.7875
12.1833	7.1	16.9	0	0	0	3	0	831.96	0	294	79.8166
11.025	6.9	15.4	0	0	0	2	0	246.6	4.09	295	90
7.5	5.2	11.3	0	0	0	0.7	0	509.76	0	296	89.7083
8.0416	3.8	12.9	0	0	0	1.9	0	695.88	0	297	87.9583
8.8041	7.5	10	0	0	0	2.3	0	266.4	2.31	298	90.2916
8.5791	3.5	12.8	0	0	0	1.5	0	726.48	0.21	299	89.1583
11.3583	10.3	12.2	0	0	0	3.3	0	110.88	8.19	300	93.2041
8.0958	4.4	11.4	0	0	0	1.3	0	428.76	3.36	301	94.3666
4.475	1.9	8.1	0	0	0	1.4	0	514.44	0.95	302	94.5208
1.1291	-0.5	3.9	0	0	0	0.1	0	376.56	0.21	303	99.9
1.9583	-0.3	4.4	0	0	0	0	0	212.4	2.1	304	99.9
4.0666	1.9	5.5	0	0	0	1.6	0	259.2	0.32	305	97.2
5.7125	4.5	6.9	0	0	0	3	0	178.92	1.65	306	96.7583
7.5166	4.5	11.7	0	0	0	1.3	0	382.68	0	307	96.8125
7.8666	6.4	8.8	0	0	0	2.8	0	92.16	0	308	99.2125
8.0541	7.1	8.7	0	0	0	0.5	0	83.88	0	309	99.9
8.8791	7.1	9.6	0	0	0	2.3	0	96.84	0.35	310	98.7958
10.2458	9.1	12.5	0	0	0	0.8	0	285.48	0.24	311	96.5666
9.3083	6.5	11	0	0	0	0.5	0	177.12	0	312	96.0708
9.1083	5.9	12.3	0	0	0	1	0	428.4	0	313	87.6625
9.3208	7.7	10.8	0	0	0	3.5	0	315	2.95	314	80.2666
12.2291	8.3	14.9	0	0	0	4.9	0	228.6	4.96	315	82.4625
10.525	7.9	14.7	0	0	0	5.1	0	296.28	13.69	316	87.3375
7.6708	6.2	9.4	0	0	0	3.4	0	254.16	2.95	317	92.1125
6.8708	5.2	9.3	0	0	0	1.3	0	222.84	0	318	97.775
8.2875	6.1	10.4	0	0	0	3.8	0	70.92	1.77	319	98.5958
10.8458	10.3	11.4	0	0	0	3.8	0	71.28	1.3	320	97.0791
7.6083	4.7	9.8	0	0	0	2.4	0	260.64	0	321	90.5708
5.5333	1.9	9.7	0	0	0	0.6	0	380.52	0	322	88.8875
5.9166	4.5	8	0	0	0	2.8	0	75.6	1.77	323	91.75
7.8916	5	9.6	0	0	0	3.7	0	162.36	0.12	324	92.0458
7.875	5.1	9.8	0	0	0	4.2	0	118.8	11.56	325	94.3333
2.8416	0.3	5.8	0	0	0	1.9	0	125.64	14.04	326	96.2958
0.3625	-0.4	0.9	0	0	0	0.4	0	111.24	9.91	327	98.8375
0.3958	-0.6	2.4	0	0	0	1.8	0	292.68	7.67	328	97.3708
-0.075	-2.5	2.3	0	0	0	1.8	0	278.64	0.83	329	95.925
0.4583	-4.4	3.4	0	0	0	0	0	172.44	0.12	330	98.5458
4.4166	2.4	6.2	0	0	0	2.2	0	156.6	0.59	331	96.475
5.9166	5.4	6.5	0	0	0	3.8	0	58.68	0	332	97.8666
3.9541	3	4.8	0	0	0	2	0	213.84	0	333	91.2083
2.1145	0.9	3.5	0	0	0	0.3	0	97.56	5.66	334	98.5125
0.7333	-0.7	1.8	0	0	0	1.1	0	72.36	1.06	335	99.2625
2.1354	0.1	4.1	0	0	0	0.2	0	220.68	0.24	336	98.3833
3.4958	2	5.8	0	0	0	2.8	0	242.28	0	337	94.9416
1.8041	0.7	2.9	0	0	0	2.7	0	92.88	2.24	338	97.4916
2.5333	1.3	5.1	0	0	0	3	0	123.84	2.83	339	96.8354
5.2291	4.4	6.3	0	0	0	1	0	82.44	3.42	340	99.2916
4.5833	3.9	5.9	0	0	0	0.3	0	124.56	0	341	99.8791
4.675	2.5	7.7	0	0	0	1.3	0	261.72	0.12	342	95.5916
3.177	-0.15	5	0	0	0	3	0	210.24	0	343	95.7145
-0.075	-1.3	1.8	0	0	0	1.2	0	45	1.06	344	99.9
1.4916	-0.1	3.6	0	0	0	0.8	0	236.52	0.12	345	99.1562
0.8041	0.2	1.6	0	0	0	1.2	0	105.12	0	346	99.6083
-0.3791	-1.8	0.9	0	0	0	1.3	0	68.76	0.12	347	99.4895
-0.7	-2.9	1.1	0	0	0	4.1	0	158.76	0	348	96.3458
1.35	-0.4	3.8	0	0	0	3.4	0	163.8	0	349	95.325
2.8	2	3.6	0	0	0	1.1	0	96.12	0	350	97.725
0.0625	-0.9	1.9	0	0	0	0	0	125.64	0.24	351	99.9
1.5333	0.4	3.5	0	0	0	1.4	0	46.08	0.47	352	99.9
2.4979	-0.1	5.45	0	0	0	2.1	0	163.8	1.18	353	99.9
5.1208	2.9	6.7	0	0	0	2.8	0	212.04	2.6	354	95.8666
6.5333	3.6	8.8	0	0	0	4.3	0	178.2	3.78	355	91.425
6.3583	1.7	9.3	0	0	0	2.9	0	155.88	0.94	356	96.7541
7.9041	4	9.8	0	0	0	3.2	0	249.48	0.71	357	90.95
5.1916	3.1	7.1	0	0	0	2	0	120.96	0.35	358	99.9
5.8062	3.45	7	0	0	0	1.8	0	92.52	0.24	359	98.0645
2.775	0.1	4.6	0	0	0	2	0	242.64	0	360	93.0791
-1.4166	-3	0.4	0	0	0	3.7	0	244.08	0	361	86.3541
-1.5916	-3.2	0.9	0	0	0	2.2	0	221.76	0	362	86.1145
-1.0458	-3.3	0.7	0	0	0	3.7	0	245.16	0	363	87.9291
-3.9375	-4.8	-2.5	0	0	0	4	0	263.16	0	364	92.9833
-5.6395	-8	-3	0	0	0	1	0	295.92	0	365	96.2937
-6.7062	-10.1	-3.3				0		298.44	0		97.0958
