Tp_av	Tpmin	Tpmax	T_s10	T_s20	vappd	wind	sundu	radia	prec	tagesnummer	RF
C_deg	C_deg	C_deg	C_deg	C_deg	mm_Hg	m/se	hours	J/cmı	mm	jday	%
50	-----	-----	-----	-----	-----	2m	-----	------	--	0	0
3.99	1.8	5.1	0	0	0	1.2	0	114.12	0	1	94.22
0.98	-2.4	2.9	0	0	0	0.1	0	64.8	0	2	99.22
0.34	-1.2	2.7	0	0	0	0	0	174.24	0	3	98.88
0.06	-0.7	0.8	0	0	0	1.4	0	85.32	0	4	96.43
0.44	-0.9	1.1	0	0	0	3.5	0	34.56	0	5	93.52
-0.22	-1.2	0.6	0	0	0	4.1	0	38.52	0	6	93.9
-0.41	-1.4	0.1	0	0	0	3.9	0	58.32	0	7	95.75
-0.91	-1.5	-0.1	0	0	0	3.8	0	92.16	0	8	92.61
-2.95	-4.4	-1.2	0	0	0	1.6	0	310.68	0	9	93.6
0.39	-3.8	3.7	0	0	0	2.1	0	224.64	0	10	89.55
2.91	2	4.2	0	0	0	3.5	0	97.92	4.88	11	85.98
2.18	-1.5	3.8	0	0	0	1	0	117	0	12	96.96
0.1	-1.4	2.7	0	0	0	1.6	0	238.68	0	13	94.36
0.18	-2.6	5.2	0	0	0	0.6	0	402.12	0	14	81.02
-2.25	-5.3	1.7	0	0	0	1.1	0	442.08	0	15	83.19
-1.53	-5.5	3.5	0	0	0	1.1	0	409.68	0.61	16	81.67
2.37	0.8	3.9	0	0	0	2.6	0	100.08	3.54	17	92.62
2.59	0.2	5.8	0	0	0	1.4	0	365.76	1.22	18	92.93
1.56	-1.5	5.8	0	0	0	1.5	0	152.64	3.66	19	94.51
6.2	3.5	8.1	0	0	0	3.5	0	124.56	5.86	20	92.62
3.41	0.1	5.3	0	0	0	2.6	0	191.16	5.49	21	90.55
-3.44	-6.5	-0.1	0	0	0	3.6	0	491.76	0	22	67.83
-6.61	-8.5	-3.6	0	0	0	3.9	0	466.2	0	23	72.5
-4.17	-8.8	0.7	0	0	0	1.1	0	422.28	0.61	24	70.16
-0.93	-4.2	1.8	0	0	0	2	0	137.52	2.68	25	89.97
-0.25	-0.7	0.3	0	0	0	2.6	0	118.44	0.12	26	87.02
-3.78	-7.2	-2.1	0	0	0	1.6	0	397.44	0	27	70.41
-5.94	-9.3	-0.9	0	0	0	1.4	0	522.36	0	28	73.18
-3.55	-10.8	3.4	0	0	0	0	0	523.08	0	29	84.65
2.15	0	4.4	0	0	0	0.1	0	172.8	0	30	92.7
0.69	-0.8	2.2	0	0	0	0.2	0	234.36	0	31	93.89
-2.33	-3.6	-0.8	0	0	0	0.1	0	182.52	0	32	99.38
-3.32	-4.2	-1.4	0	0	0	0.7	0	103.68	0	33	99.56
-0.26	-1.1	0.8	0	0	0	1.4	0	106.92	0.25	34	98.87
0.52	-1.1	2.1	0	0	0	1.4	0	144	0.74	35	94.64
-2.31	-4.6	-0.8	0	0	0	0.6	0	192.6	0.98	36	94.07
-0.41	-3.9	3.3	0	0	0	1.8	0	155.16	2.95	37	99.8
4.8	3.4	5.7	0	0	0	4.2	0	171.72	11.07	38	98.09
3.78	2.8	4.7	0	0	0	4.7	0	347.76	2.71	39	87.78
0.98	-0.1	1.9	0	0	0	3.7	0	298.44	3.69	40	93.29
1.32	0	2.2	0	0	0	0.7	0	178.56	0	41	91.17
0.44	-0.3	1.5	0	0	0	0	0	159.84	0	42	97.43
1.68	-1.2	5.2	0	0	0	1.1	0	572.76	0	43	84.64
1.13	-1.3	4.8	0	0	0	1	0	747	0	44	77.15
1.95	-2.4	4.6	0	0	0	1.6	0	432.36	0.49	45	86.87
4.96	4	6.8	0	0	0	2.9	0	200.52	9.59	46	95.03
5.21	3.2	7.4	0	0	0	0.9	0	292.68	4.92	47	96.07
4.45	3.1	5.8	0	0	0	2.3	0	259.92	3.08	48	93.56
4.91	2.9	7.9	0	0	0	1.4	0	483.48	0.25	49	90.41
1.99	-0.3	5.6	0	0	0	0.8	0	474.84	0	50	95.98
2.5	1.7	3.5	0	0	0	2.8	0	327.96	0.25	51	88.06
2.17	1.6	3	0	0	0	3.2	0	182.16	0	52	89.24
0.54	-0.8	1.2	0	0	0	2.6	0	169.2	0	53	72.31
-0.15	-1.6	2.2	0	0	0	0.5	0	740.16	0	54	72.58
0.56	-1.9	4.5	0	0	0	4.7	0	964.8	0	55	66.08
-1.27	-2.4	-0.4	0	0	0	3.4	0	397.44	0	56	82.04
0.26	-2	3.7	0	0	0	1.4	0	781.92	0	57	74.1
0.18	-2.1	3.2	0	0	0	0.6	0	750.96	2.58	58	77.36
0.49	-0.4	1.4	0	0	0	1.8	0	209.16	5.29	59	98.08
-0.17	-1.4	2.4	0	0	0	2.6	0	571.32	4.4	60	93.76
-0.18	-1.4	2.9	0	0	0	4.4	0	747.72	0.24	61	87.03
-0.86	-3	1.5	0	0	0	1.9	0	717.84	0	62	90.13
-1.31	-4	2.3	0	0	0	2.2	0	941.04	1.78	63	88.3
-0.85	-3.3	3	0	0	0	2.1	0	686.88	0.59	64	93.16
1.02	-2.4	4.9	0	0	0	2.8	0	911.52	1.78	65	90.31
0.05	-1.6	3.2	0	0	0	0.5	0	783	0	66	78.91
0.24	-1.8	2.5	0	0	0	3.2	0	453.6	7.73	67	84.08
0.46	0.2	1.1	0	0	0	2	0	283.32	7.73	68	97.96
3.17	0.2	7.3	0	0	0	2.3	0	723.24	1.78	69	92.28
-2.56	-5.4	0.2	0	0	0	2.9	0	705.96	0.24	70	82.48
-4.01	-7.4	-0.2	0	0	0	0.6	0	1405.08	0	71	72.27
-3.26	-8.2	1.3	0	0	0	2.2	0	1488.6	0	72	73.38
-1.96	-5.3	1.8	0	0	0	3.9	0	1306.8	0	73	71.2
-1.04	-5.3	2.6	0	0	0	3.4	0	1408.68	0	74	79.11
0.44	-0.7	1.5	0	0	0	2.2	0	279	0	75	89.43
0.24	-1.2	1.5	0	0	0	1.7	0	498.96	0	76	86.56
-0.72	-2.5	0.6	0	0	0	0.9	0	387.36	0	77	91.99
0.57	-2.9	3.7	0	0	0	1.1	0	421.56	0	78	96.75
3.49	1.2	7.3	0	0	0	1.2	0	920.16	0	79	72.2
1.06	-2.1	5.1	0	0	0	0.7	0	1116	0	80	69
-0.1	-3.9	4.4	0	0	0	0.4	0	1167.12	0	81	79.18
1.21	-5.6	7.3	0	0	0	1.9	0	1697.76	0	82	64
4.98	-0.3	10.5	0	0	0	4.5	0	1183.32	7.73	83	65.93
7.4	5	12.6	0	0	0	1	0	529.56	17.25	84	96.1
12.27	8.5	16.1	0	0	0	3.1	0	870.12	13.09	85	84.55
13.2	10.1	17.2	0	0	0	3.1	0	891.36	9.28	86	83.15
10.52	7.9	13.2	0	0	0	4.5	0	991.8	1.78	87	67.92
6.51	2.2	9.2	0	0	0	3.8	0	803.52	4.76	88	77.19
9.91	4.7	14	0	0	0	3.7	0	523.08	8.92	89	83.8
10.57	9.3	12.4	0	0	0	4.7	0	690.48	2.97	90	86.02
10.16	6.1	14	0	0	0	2.9	0	775.44	2.64	91	85.41
8.35	5.2	11.5	0	0	0	2.8	0	673.2	6.05	92	82.3
6.75	3.1	9.1	0	0	0	2.3	0	631.44	0.66	93	81.88
4.3	0.2	8.3	0	0	0	2.3	0	1446.12	1.98	94	81.69
2.74	-1.2	6.7	0	0	0	1.4	0	1418.04	0.55	95	78.27
5.72	1	9.3	0	0	0	3	0	1290.24	1.54	96	72.95
6.93	3.7	11.2	0	0	0	3.1	0	1262.16	0.55	97	72.7
5.84	2.3	10.2	0	0	0	3.3	0	857.16	3.19	98	87.4
6	1.5	10.1	0	0	0	3.6	0	1587.24	0	99	72.91
4.43	-0.2	9.1	0	0	0	0.7	0	1394.28	0	100	75.16
3.99	-1.5	7.3	0	0	0	2.2	0	1067.4	3.41	101	71.68
5.66	3.4	9.2	0	0	0	1.8	0	676.8	15.73	102	93.13
7.82	4.2	12	0	0	0	3.6	0	700.2	0	103	88.43
7.79	2.7	11.7	0	0	0	3.1	0	1508.4	0.22	104	72.14
7.94	0.4	12.5	0	0	0	2.1	0	1555.92	7.26	105	71.57
10.63	8.6	14.6	0	0	0	1.2	0	774	0.66	106	84.98
9.79	6.4	12.5	0	0	0	2.6	0	1151.64	0	107	74.37
7.9	3.9	11.4	0	0	0	2.2	0	870.12	2.09	108	85.14
10.07	4.5	15.1	0	0	0	1.8	0	1728.72	0.22	109	76.18
11.27	7.6	14.7	0	0	0	1.1	0	1226.16	0	110	78.25
13.48	8.9	18.1	0	0	0	0.2	0	1449	7.81	111	66.11
8.72	7.6	9.7	0	0	0	0.2	0	259.92	0.77	112	97.31
8.38	6.8	10.6	0	0	0	0.3	0	588.24	0	113	90.64
11.35	7.3	15.8	0	0	0	1.2	0	1372.68	0	114	78.3
15.55	7.2	23.9	0	0	0	0.8	0	2007.36	0.33	115	66.26
13.26	10.4	16.6	0	0	0	0.6	0	1074.6	0	116	86.51
10.63	5	14.7	0	0	0	0.6	0	1569.6	0	117	71.76
7.41	3.8	12.7	0	0	0	0.8	0	1696.32	0	118	77.3
5.96	4.3	9	0	0	0	1	0	1143	9.68	119	87.33
6.13	3	10.1	0	0	0	1.5	0	1775.16	0	120	80.08
8.65	2.3	13.8	0	0	0	2.6	0	1903.32	1.58	121	74.32
13.12	7.7	18.7	0	0	0	1.8	0	1994.76	0	122	68.45
18.71	10	25.8	0	0	0	2.4	0	2292.48	0	123	52.48
19.68	13.8	25.5	0	0	0	4.4	0	2391.48	0	124	51.76
18.4	12.5	24.3	0	0	0	4.8	0	2437.92	0	125	52.04
17.93	11.4	24.4	0	0	0	3.9	0	2210.04	0	126	45.24
18.16	11.2	24.8	0	0	0	4.3	0	2236.32	0	127	45.89
17.84	10.9	24.5	0	0	0	3.6	0	2225.16	0	128	51.53
17.51	10.8	24.5	0	0	0	2.6	0	2211.48	0	129	59.2
16.69	7.9	24.4	0	0	0	1.6	0	2528.28	0	130	55.98
16.73	7.4	23.9	0	0	0	0.5	0	2221.2	0	131	53.55
16.48	7.6	25.1	0	0	0	0.8	0	2039.4	0.21	132	64.25
15.42	9.2	22.9	0	0	0	0.7	0	1863.72	0.32	133	65.73
10.75	4.8	14.8	0	0	0	0.6	0	2122.56	0	134	61.57
12.96	4.1	19.2	0	0	0	1.9	0	1748.52	2.1	135	65.3
15.03	9.4	19.5	0	0	0	2.3	0	1812.96	0	136	75.74
14.88	9.4	20.8	0	0	0	0.8	0	1473.84	5.46	137	69.03
16.26	12.5	20.1	0	0	0	2.7	0	1828.44	6.93	138	70.5
11.98	10.4	14	0	0	0	3.1	0	736.92	7.77	139	86.13
11.12	9.4	13.2	0	0	0	3	0	651.24	12.6	140	87.72
12.41	10.1	14.3	0	0	0	1.9	0	957.96	9.45	141	86.64
14.94	12	19.9	0	0	0	3.3	0	1475.64	8.93	142	77.85
10.18	6.1	12.7	0	0	0	2.7	0	939.96	0.53	143	82.99
9.69	6.2	14.6	0	0	0	2.8	0	1632.6	5.46	144	80.2
9.09	5.8	12.4	0	0	0	1.2	0	711	3.46	145	92.8
10.05	4.3	14.8	0	0	0	1.3	0	1132.92	8.19	146	86.79
13.32	10.7	16.6	0	0	0	2	0	829.8	2.63	147	92.68
11.71	9.6	13.5	0	0	0	3	0	1217.52	7.98	148	76.24
9.92	6.5	13.2	0	0	0	0.6	0	1366.56	7.56	149	85.24
9.02	5.7	12.6	0	0	0	1.6	0	1907.28	0.95	150	72.79
10.21	7.6	13.9	0	0	0	1.5	0	1286.28	0	151	75.83
9.51	6.6	12.8	0	0	0	1.4	0	1384.92	0.84	152	81.08
12.16	6.5	17.9	0	0	0	0.4	0	2270.88	0	153	71.85
12.91	8	17.7	0	0	0	1	0	1552.68	0	154	73.28
10.61	6.4	13.6	0	0	0	0.8	0	1726.92	0	155	65.34
10.44	7.6	14.1	0	0	0	0.6	0	1078.56	0	156	73.62
13.41	7.2	19.7	0	0	0	0.5	0	2226.24	0	157	65.15
12.99	6.1	19.7	0	0	0	0.4	0	2276.64	0	158	70.43
15.2	6.6	22.4	0	0	0	0.3	0	2770.2	0	159	62.92
17.9	8.6	25.2	0	0	0	0.4	0	2589.12	0	160	60.36
19.67	10.8	26.6	0	0	0	1.1	0	2711.88	0	161	60.45
22.41	16.3	28.2	0	0	0	2.2	0	2790.72	0	162	49.45
23.21	14.5	29.7	0	0	0	1.8	0	2760.48	0	163	51.81
24.92	17.3	32	0	0	0	0.7	0	2671.56	0	164	55.36
17.2	13.8	20.8	0	0	0	0.7	0	1614.24	1.89	165	80.91
16.92	13.3	21.1	0	0	0	1.3	0	1154.88	7.14	166	85.41
13.6	10.5	15.2	0	0	0	0.6	0	779.4	0	167	79.84
14.56	8.6	21.1	0	0	0	0.8	0	1508.76	0	168	73.06
19.2	7.7	27.3	0	0	0	0.7	0	2387.16	0	169	60.2
21.92	15.8	27.7	0	0	0	1.2	0	2071.08	0.21	170	71.09
19.75	13.7	24.3	0	0	0	1.2	0	2047.68	0	171	69.22
17.25	14.6	18.6	0	0	0	2.3	0	949.32	1.78	172	75.22
14.59	11.4	17.6	0	0	0	2.2	0	1517.76	0	173	69.73
15.02	10	19.3	0	0	0	0.7	0	1473.12	0	174	72.37
17.99	8.7	24.8	0	0	0	0.8	0	2428.92	0	175	62.96
21.45	14.8	27.7	0	0	0	0.7	0	1945.8	2.1	176	71.18
18.44	15.3	21.3	0	0	0	2.2	0	816.48	0	177	83.49
15.19	9.7	19.1	0	0	0	2	0	1127.52	0	178	80.66
13.2	7.1	17.7	0	0	0	0.3	0	1797.84	0	179	73.72
15.35	6.1	22.1	0	0	0	0.8	0	2494.08	0	180	65.89
18.77	11.1	25.3	0	0	0	1.2	0	2557.44	0	181	61.7
19.78	10.7	26.9	0	0	0	1.4	0	2758.68	0	182	63.73
21.59	12.3	29	0	0	0	1.7	0	2728.44	0	183	58.44
22.01	14.4	29.6	0	0	0	2	0	2765.52	0	184	54.02
23.35	14.3	31.2	0	0	0	1.7	0	2634.12	0	185	57.55
25.62	18.6	33.6	0	0	0	0.8	0	2051.28	1.58	186	60.32
21.54	16	27.5	0	0	0	0.5	0	1579.68	3.15	187	76.82
19.4	15.3	25.4	0	0	0	0.3	0	1277.64	3.68	188	87.1
18.86	13.9	24.1	0	0	0	0.5	0	1766.88	0	189	76.63
20.58	13.2	26.9	0	0	0	1.1	0	1552.68	0.21	190	70.42
19.63	15.3	24	0	0	0	0.8	0	1756.8	0	191	71.83
19.42	13	23.7	0	0	0	0.4	0	1475.64	3.78	192	78.58
18.16	9.4	25.5	0	0	0	0.3	0	2675.52	0	193	68.84
20.27	11.1	27.7	0	0	0	0.2	0	2684.16	0	194	63.99
16.3	10.3	21.5	0	0	0	0.6	0	2472.84	0	195	66.61
18.42	8.1	26	0	0	0	0.8	0	2750.4	0	196	57.55
20.18	12.9	27.4	0	0	0	2	0	2724.12	0	197	55.31
22.82	13.1	30.8	0	0	0	0.3	0	2657.16	0	198	51.13
22.7	12.1	31.2	0	0	0	0.2	0	2646.72	0	199	55.18
25.05	13.2	34.4	0	0	0	0.6	0	2594.52	0	200	53.25
27.44	20.9	35.5	0	0	0	0.9	0	2187.36	0	201	45.16
24.38	16.8	31.4	0	0	0	0.8	0	2315.88	0	202	63.74
23.05	13.4	32.4	0	0	0	1.1	0	2012.76	2.63	203	64.42
23.15	17.9	28.8	0	0	0	0.6	0	1999.44	0	204	71.22
22.72	16.5	29.4	0	0	0	0.2	0	1892.52	0	205	66.63
23.2	13.8	30.6	0	0	0	0.4	0	2325.6	0	206	60.92
25.72	16.1	33.7	0	0	0	0.4	0	2160	0	207	55.86
23.53	17.4	31.1	0	0	0	0.1	0	1489.68	3.78	208	72.81
22.41	18.4	28	0	0	0	0.1	0	1558.8	0	209	73.14
22.51	16.3	28.9	0	0	0	0.2	0	2018.16	0	210	67.99
22.08	15.7	29.3	0	0	0	0.4	0	1484.28	3.04	211	70.88
19.35	15.1	23.8	0	0	0	1.2	0	1734.12	0.73	212	70.05
17.6	13.5	23.7	0	0	0	1.2	0	1136.16	11.23	213	80.48
15.4	13.4	19.7	0	0	0	1.9	0	1397.88	1.58	214	83.71
15.94	13.3	20.3	0	0	0	0.8	0	1112.4	1.78	215	84.22
16.81	11.3	22.1	0	0	0	0.5	0	1632.96	0.63	216	78.07
19.35	12.5	25.7	0	0	0	0.2	0	1984.68	0	217	73.17
20.24	14.4	26.3	0	0	0	0.5	0	1883.52	0	218	69.15
20.08	15.9	26	0	0	0	0.5	0	1728.72	0	219	74.85
16.9	13.3	20.2	0	0	0	0.6	0	1171.44	0	220	74.32
16.03	13.1	22	0	0	0	0.7	0	1126.44	2.21	221	81.91
14.12	10.9	18	0	0	0	0.7	0	988.92	1.37	222	82.35
14.12	10.1	18.5	0	0	0	0.7	0	1103.04	0	223	84.2
14.02	9.2	19.6	0	0	0	0.2	0	1192.32	0	224	79.99
14.12	7	20.9	0	0	0	0.3	0	1293.12	7.56	225	78.13
13.85	11.8	15.8	0	0	0	1.5	0	373.32	23.84	226	95.01
16.37	14.5	20.1	0	0	0	2.2	0	1090.44	0.32	227	82.7
17.17	12.1	22.7	0	0	0	0.4	0	1351.08	0	228	79.15
17.55	12.2	23.2	0	0	0	0.3	0	1135.8	0	229	81.79
17.93	14.1	22.6	0	0	0	0.5	0	857.88	1.68	230	85.25
19.8	13.5	25.9	0	0	0	0.9	0	1831.68	3.89	231	71.29
17.3	15.3	21.1	0	0	0	1.9	0	1170.36	3.04	232	85.15
15.67	13.3	19.2	0	0	0	1.6	0	844.92	8.4	233	91.78
14.82	12.9	17.7	0	0	0	1.8	0	732.6	8.29	234	94.65
16.18	12.4	21	0	0	0	0.6	0	1309.68	0	235	81.68
16.43	12.6	23.3	0	0	0	0.7	0	1085.4	10.29	236	84.3
14.93	11.6	20.7	0	0	0	0	0	1053.36	0	237	87.12
14.63	13.3	16.1	0	0	0	0.1	0	347.4	0.73	238	95.04
14.77	12.2	18.1	0	0	0	0.9	0	1252.8	3.15	239	88.74
12.7	10.7	16.3	0	0	0	1.7	0	762.84	10.82	240	91.35
12.05	9.9	17	0	0	0	1.5	0	1137.24	24.78	241	89.13
13.27	9.4	17.3	0	0	0	1.6	0	1258.56	0.95	242	86.13
14.83	9.4	19.1	0	0	0	2	0	1202.4	0.63	243	82.91
18.18	15.6	21.6	0	0	0	1.8	0	1072.08	0	244	77.34
18.53	14.8	21.8	0	0	0	1.6	0	1102.68	0.32	245	76.44
19.05	16.5	23.3	0	0	0	3.8	0	545.04	1.58	246	84.81
17.14	13.3	19.8	0	0	0	2.8	0	1207.08	0	247	76.28
16.36	12	20.6	0	0	0	0.7	0	1008.72	1.37	248	85.38
19.61	15.2	25.3	0	0	0	0.8	0	1160.28	0	249	82.41
16.18	12.2	18.7	0	0	0	1.1	0	872.28	4.2	250	83.51
14.24	10	18.4	0	0	0	0.6	0	1474.2	0	251	72.55
13.33	7.7	17.9	0	0	0	0.5	0	858.96	0	252	81.18
16.79	10.3	24	0	0	0	2	0	1766.16	0	253	69.91
19.29	12	27.8	0	0	0	1.1	0	1658.88	0	254	66.55
21.75	14.3	29.5	0	0	0	0.7	0	1538.64	0	255	68.04
22.2	15.2	29.8	0	0	0	0.9	0	1540.44	0	256	68.01
21.85	16.2	28.9	0	0	0	1.8	0	1545.12	0	257	63.57
20.16	14.1	26.2	0	0	0	3.6	0	1575.72	0	258	64.43
20	16.1	25.7	0	0	0	2.7	0	1212.84	0	259	68.87
19.81	12.8	26.9	0	0	0	0.3	0	1380.96	0	260	73.53
16.65	15.6	18	0	0	0	0.6	0	298.8	0	261	89.95
15.25	11.1	19.2	0	0	0	1.8	0	697.32	0	262	85.52
14.56	9.4	21.1	0	0	0	1.2	0	1374.12	0	263	72.99
18.32	10.5	26.5	0	0	0	2	0	1452.6	0	264	64.12
21.15	14	29.6	0	0	0	2.6	0	1441.08	0	265	58.48
19.67	13.9	26.8	0	0	0	1.2	0	1222.92	0	266	66
19.19	13.2	26.5	0	0	0	1	0	1212.48	0	267	65.64
17.28	9.3	23.7	0	0	0	0.8	0	1089.36	0	268	77.71
16.99	15.3	18.8	0	0	0	1.4	0	451.44	0	269	89.65
15.24	12.4	19.9	0	0	0	0.7	0	846.72	0	270	84.59
15.73	12.2	21.4	0	0	0	1	0	869.76	0	271	80.17
17.23	11.7	22.5	0	0	0	1	0	909.36	1.37	272	74.48
16.15	9.8	21.2	0	0	0	0.7	0	832.68	0	273	80.65
15.92	10	20.7	0	0	0	1.8	0	759.96	1.58	274	75.91
15.06	12	18.7	0	0	0	3.7	0	767.88	0.53	275	79.52
13.35	10.4	16.5	0	0	0	1.7	0	418.68	4.73	276	90.06
12.96	10.5	17.2	0	0	0	1.6	0	764.28	1.89	277	87.18
12.29	8.6	16.5	0	0	0	2.1	0	694.44	4.2	278	82.8
14.32	12.3	15.5	0	0	0	4.1	0	196.92	0	279	92.26
13.2	10.9	15.1	0	0	0	3.3	0	684	0	280	78.89
12.16	9.1	15.4	0	0	0	1.8	0	653.76	0	281	84.87
13.22	7.9	18.6	0	0	0	0.1	0	1015.56	0	282	81.81
15.39	13.3	17.8	0	0	0	0	0	375.84	0.32	283	90.96
14.48	11.1	19.1	0	0	0	2.2	0	976.32	0	284	82.09
14.73	9.7	19.5	0	0	0	0.2	0	608.04	0	285	89.88
14.3	13.3	15.1	0	0	0	0	0	168.48	0	286	91.92
12.83	11.4	14.1	0	0	0	1.7	0	453.24	0	287	85.2
9.98	7.9	11.8	0	0	0	3.7	0	224.64	0	288	88.3
10.54	6.3	16.7	0	0	0	2.7	0	962.28	0	289	82.19
10.98	6	17.1	0	0	0	1.2	0	960.48	0	290	72.78
12.28	8.3	16.1	0	0	0	0.5	0	522.36	0.32	291	84.59
14.02	10.7	18.4	0	0	0	1.2	0	656.28	0.42	292	82.23
14.12	12.6	17	0	0	0	0.9	0	397.44	0.73	293	88.56
14.78	13.3	17.6	0	0	0	2.1	0	441.72	0	294	85.52
14.92	13.4	16.3	0	0	0	3	0	495.72	6.83	295	78.97
16.02	14.3	18.6	0	0	0	2.7	0	432.72	0	296	87.82
13.22	10.4	15.8	0	0	0	3.4	0	345.24	7.88	297	89.5
11.65	8.6	15.4	0	0	0	2.3	0	710.64	0.21	298	85
17.5	12.3	21.5	0	0	0	3.3	0	590.04	0	299	70.83
12.6	10.9	17.1	0	0	0	3	0	219.24	0	300	80.31
11.21	7.7	14.6	0	0	0	1.7	0	182.88	7.77	301	95.61
12.9	9.7	14.8	0	0	0	2.4	0	424.08	0.21	302	89.6
10.61	8.4	12.9	0	0	0	1.5	0	242.28	0.32	303	87.32
11.18	6.3	13.4	0	0	0	4.3	0	151.92	6.09	304	85.58
4.09	-0.4	6.3	0	0	0	2.3	0	361.08	6.14	305	86.64
3	-0.2	5.1	0	0	0	0.4	0	308.88	0.47	306	94.92
3.02	-0.9	6	0	0	0	0.3	0	267.12	3.3	307	96.1
7.57	4	9.7	0	0	0	2.3	0	206.64	0.83	308	92.4
10.68	8.4	12.5	0	0	0	3.7	0	208.44	0.24	309	86.11
11.19	10.1	12.4	0	0	0	3.2	0	182.16	0	310	85.59
8.42	3.7	10.9	0	0	0	1.8	0	342.72	0	311	86.94
7.18	3.9	11	0	0	0	3	0	126.72	0	312	92.59
8.32	4.6	11.3	0	0	0	3.2	0	446.04	1.18	313	81.06
5.83	2.1	9.5	0	0	0	1.4	0	455.76	9.2	314	82.87
7.07	4.7	9.5	0	0	0	4	0	153	10.5	315	86.02
5.73	4.9	7.5	0	0	0	3.1	0	339.84	4.01	316	87.4
8.66	5.5	11.6	0	0	0	3.7	0	87.48	1.77	317	91.2
10.73	8.3	12.2	0	0	0	2.7	0	193.68	2.6	318	88.58
12.2	9.8	14.2	0	0	0	2.8	0	182.88	0.24	319	88.04
14.22	9.8	17	0	0	0	3	0	373.32	1.42	320	69.49
11.72	9.6	15.6	0	0	0	2.2	0	123.48	3.89	321	89.1
8.39	4	10.7	0	0	0	1.8	0	152.28	6.14	322	84.85
4.3	2.7	5.5	0	0	0	0.1	0	87.84	8.02	323	96.96
5.82	2.9	7.9	0	0	0	3.9	0	101.52	8.97	324	89.44
6.62	2.7	9.3	0	0	0	1.9	0	250.2	4.96	325	92.55
4.78	1.9	6.9	0	0	0	2.7	0	191.16	4.72	326	91.47
8.36	5.8	11.2	0	0	0	3.7	0	47.52	11.21	327	92.59
9.97	8.6	11.8	0	0	0	3	0	280.44	1.53	328	85.89
14.37	11.6	16.9	0	0	0	4.2	0	121.68	1.06	329	71.32
10.54	7.7	12.6	0	0	0	0.4	0	204.84	0	330	80.63
9.76	5.9	13.7	0	0	0	0	0	217.44	0	331	88.95
10.47	8.2	14.1	0	0	0	0.1	0	330.84	0	332	86.08
9	5.7	11	0	0	0	0.1	0	178.92	0	333	92.01
4.87	3.2	6.6	0	0	0	0.1	0	165.96	0	334	96.04
7.86	4.1	10.4	0	0	0	0.6	0	267.84	0	335	79.47
9.74	8.9	10.9	0	0	0	0.8	0	119.88	1.3	336	75.06
9.53	7.6	13.2	0	0	0	3	0	252.72	3.19	337	83.91
8.5	7.8	9.8	0	0	0	3.9	0	131.76	3.66	338	82.78
12.48	9.8	14.4	0	0	0	5.1	0	142.92	7.55	339	82.2
9.65	7.9	10.9	0	0	0	4.4	0	127.8	1.06	340	80.03
7.23	6.2	9.6	0	0	0	5.2	0	59.4	15.93	341	83.73
9.59	7	12.1	0	0	0	4.5	0	73.8	6.84	342	79.52
5.7	2.2	8.3	0	0	0	2.1	0	279	0	343	92.28
2.98	0.6	6.6	0	0	0	1.8	0	261.36	0	344	93.78
5.91	4	7.7	0	0	0	4.7	0	28.8	9.79	345	89.36
6.8	4.8	8.5	0	0	0	3.4	0	302.04	4.6	346	87.67
9.35	7.1	11	0	0	0	4.2	0	143.64	2.95	347	87.62
10.03	9.4	10.5	0	0	0	4.9	0	92.16	0	348	79.39
7.46	5.9	9.5	0	0	0	3.5	0	116.28	0	349	80.29
5.66	2.4	7.3	0	0	0	2.4	0	45.72	8.14	350	84.8
2.96	1	5.2	0	0	0	2.2	0	187.2	4.72	351	95.11
-0.27	-1.4	0.5	0	0	0	0	0	168.48	3.42	352	98.05
0.9	-1.5	4.8	0	0	0	0	0	236.16	3.89	353	98.02
4.21	0.6	6.8	0	0	0	1	0	79.92	10.5	354	94.86
6.62	5.8	7.1	0	0	0	0	0	81.72	0.47	355	96.23
5.41	4.3	6.8	0	0	0	0	0	90.36	0	356	86.58
4	3.5	4.7	0	0	0	1	0	55.8	0	357	94.53
4.86	3.6	6	0	0	0	0.1	0	75.96	0	358	96.25
5.8	4.8	6.8	0	0	0	0.6	0	53.64	0.24	359	93.84
2.53	1	4.4	0	0	0	0.6	0	69.84	0	360	90.35
0.49	-0.5	1.1	0	0	0	1.5	0	52.56	0	361	90.83
2.68	-0.1	5.3	0	0	0	2.4	0	36.36	6.84	362	95.87
4.44	3	7	0	0	0	2.1	0	167.04	0	363	88.55
8.37	7.1	9.4	0	0	0	5.1	0	36	12.51	364	72.9
8.7	6.8	9.7	0	0	0	6	0	162.72	11.09	365	82.14
