Tp_av	Tpmin	Tpmax	T_s10	T_s20	vappd	wind	sundu	radia	prec	tagesnummer	RF
C_deg	C_deg	C_deg	C_deg	C_deg	mm_Hg	m/se	hours	J/cmı	mm	jday	%
50	-----	-----	-----	-----	-----	2m	-----	------	--	0	0
0.48	-1.1	1.9	0	0	0	1.2526	0	261	0	1	89.25
-1.1	-2.7	1.5	0	0	0	2.723	0	427	0	2	68.6
0.27	-1.4	1.8	0	0	0	2.6141	0	189	0	3	65.47
-0.33	-3.1	2.2	0	0	0	0.4357	0	313	0	4	77.54
4.22	0	9	0	0	0	1.062	0	93	8.72	5	85.93
4.78	-0.1	7.4	0	0	0	2.0967	0	266	7.77	6	91.21
5.67	0.7	10.2	0	0	0	3.4582	0	269	5.99	7	79.82
4.46	-1.1	9.4	0	0	0	1.5793	0	372	0	8	79.52
3.9	-1.7	9.6	0	0	0	0.8169	0	209	1.05	9	88.88
5.77	2.2	11.9	0	0	0	0.3812	0	370	0.21	10	89.21
5.77	1.4	12.9	0	0	0	0.2995	0	224	0	11	81.98
5.47	2.9	8.2	0	0	0	2.6413	0	138	0	12	80.26
0.31	-2.3	6.8	0	0	0	0.354	0	511	0	13	90.85
1.17	-3	7	0	0	0	0.1634	0	193	0.11	14	91.91
6.6	-0.5	12.8	0	0	0	1.2798	0	409	0	15	70.79
8.41	2.1	11.2	0	0	0	3.431	0	404	3.89	16	70.2
6.37	2	9.5	0	0	0	1.2526	0	429	0.32	17	78.23
9.51	6.1	11.9	0	0	0	4.9831	0	300	6.62	18	77.22
12.23	10.5	13.4	0	0	0	6.1267	0	84	0.21	19	70.23
11.41	10.2	12.9	0	0	0	4.4929	0	298	0	20	64.67
9.38	8.6	10.1	0	0	0	5.3643	0	192	0	21	66.09
5.62	-1.4	9	0	0	0	3.3493	0	435	5.15	22	78.24
0.74	-3.3	5.2	0	0	0	0.1906	0	443	0	23	83.55
2.98	-2.3	8.4	0	0	0	0.6807	0	568	2.21	24	72.68
2.38	-1.7	7.5	0	0	0	0.7624	0	610	2.63	25	90.04
2.68	-2.1	6.4	0	0	0	2.0695	0	596	0	26	83.48
5.67	1.5	10.3	0	0	0	4.1934	0	351	0	27	49.06
2.87	-1.1	10.4	0	0	0	0.3268	0	691	0	28	79.42
2.44	-0.9	7.7	0	0	0	0.2451	0	554	0	29	87.46
1.97	-1.1	3.6	0	0	0	2.7502	0	128	4.62	30	89.99
2.14	0.3	5.2	0	0	0	2.2328	0	360	0.42	31	82.26
5.6	1.9	8.8	0	0	0	5.7999	0	71	20.37	32	81.3
2.7	-0.8	6.7	0	0	0	3.5671	0	560	0	33	74.5
0.7	-3.4	8.2	0	0	0	0.9803	0	817	0	34	67.2
2.1	-3.5	8.3	0	0	0	1.2253	0	378	0.32	35	83
6	2.5	10.6	0	0	0	2.1784	0	122	2.73	36	76.3
9	5.1	11.2	0	0	0	5.3915	0	345	10.71	37	78.3
4.7	-0.1	10.7	0	0	0	0.2723	0	860	0	38	77.9
3.7	-1.5	10.5	0	0	0	1.4704	0	870	0	39	67.9
4.9	0.1	11.3	0	0	0	2.9953	0	911	0	40	53.7
4.8	0.8	11	0	0	0	2.968	0	871	0	41	59.6
5	0.9	11.1	0	0	0	2.5596	0	858	0	42	69
5.3	0.7	12.3	0	0	0	0.8441	0	876	0	43	72.7
2.6	-0.8	7.8	0	0	0	0	0	890	0	44	81.9
-1.2	-4.7	1.2	0	0	0	0	0	258	0	45	91.5
2.1	-0.2	4.8	0	0	0	2.5868	0	716	0	46	65.6
0	-3.7	4.4	0	0	0	4.6835	0	1081	0	47	45.9
-0.2	-4.5	6.8	0	0	0	1.0892	0	1094	0	48	43.8
1.4	-4.4	11.6	0	0	0	0.1361	0	1101	0	49	50.5
1.7	-4.8	11.3	0	0	0	0.1089	0	1063	0	50	53.7
2.9	-1.7	6.9	0	0	0	0.0272	0	268	1.78	51	75.2
8.1	6.5	10.1	0	0	0	0.3268	0	445	1.26	52	89.6
10.8	8.1	14.2	0	0	0	1.9061	0	794	0.11	53	71.2
11	5.4	15.7	0	0	0	0.6263	0	1069	0	54	68.8
9.2	2.2	18.9	0	0	0	0.1906	0	1115	0	55	74.3
9.9	7.8	12.3	0	0	0	0.1634	0	256	0	56	69.6
11	5.8	16.6	0	0	0	1.4976	0	586	3.36	57	73.9
8	5.1	9.9	0	0	0	1.9605	0	721	0.53	58	73.2
7.4	2.3	12.1	0	0	0	0.708	0	861	1.37	59	65.2
10.2	7.6	12.1	0	0	0	3.9211	0	209	9.66	60	90.1
10.3	5.2	13.1	0	0	0	9.3398	0	629	13.02	61	71.6
10	9	11.4	0	0	0	8.5502	0	187	1.37	62	76.1
8.1	3	10.9	0	0	0	4.8197	0	183	11.76	63	88.8
2.1	0	3.8	0	0	0	0.2995	0	438	3.36	64	88.8
2	-1.7	5.7	0	0	0	1.062	0	1300	0	65	61.6
2.3	-3.9	9.3	0	0	0	0.5174	0	1334	0	66	62.1
5	-0.6	9.6	0	0	0	0.7624	0	1081	0.21	67	64.7
6.7	4.5	11.6	0	0	0	1.7427	0	638	0.73	68	81.5
8.1	2.3	13	0	0	0	1.5521	0	1124	0	69	65.4
9.6	6.9	14.1	0	0	0	2.6957	0	956	4.3	70	65.4
9.3	7.7	11.4	0	0	0	7.6788	0	527	0.32	71	64
10.4	6.4	13.2	0	0	0	8.8769	0	827	13.02	72	67.2
7.3	5.8	9.4	0	0	0	5.7727	0	657	1.78	73	69
9.3	6.8	11.4	0	0	0	3.9755	0	170	6.72	74	90.2
12.5	8.7	18	0	0	0	1.062	0	1188	0	75	77.7
10.5	8.7	12.6	0	0	0	4.5201	0	403	4.94	76	78.9
7.1	4.6	8.8	0	0	0	1.7155	0	604	5.25	77	71.3
4.8	1.4	8.3	0	0	0	0.7624	0	1212	0	78	50.7
2.6	0	7.5	0	0	0	1.6338	0	929	1.89	79	75
3.2	0.1	6.7	0	0	0	3.9755	0	622	0	80	77.1
3	1.4	6.7	0	0	0	7.1614	0	517	20.58	81	89.3
3.5	1.2	6.8	0	0	0	3.3765	0	962	4.62	82	84.2
0.6	-1.9	2.5	0	0	0	0.4357	0	567	4.83	83	77.8
-0.3	-6.2	3.8	0	0	0	2.6685	0	912	0.32	84	77.3
2.1	-0.2	5.7	0	0	0	4.9558	0	1117	0.32	85	74.2
4.7	0.7	7.9	0	0	0	3.2403	0	416	0.21	86	71.7
6.1	3.5	9.5	0	0	0	1.8516	0	410	1.26	87	78.6
9.2	4.1	14.6	0	0	0	2.015	0	1563	0.53	88	56.9
10.3	6.8	15.7	0	0	0	5.2281	0	1572	3.36	89	56.9
12.1	1.6	23.3	0	0	0	1.3887	0	1842	0	90	45.6
11.3	8.7	15.9	0	0	0	2.0422	0	874	0	91	63.6
11.4	4	18	0	0	0	2.8047	0	1769	0	92	61.6
9.8	8.1	12	0	0	0	3.9755	0	557	1.89	93	71.25
7.14	4.8	9.6	0	0	0	1.5793	0	652	0.63	94	75.38
7.65	3.9	12.1	0	0	0	0.2995	0	1332	0	95	74.42
7.34	4.9	10.9	0	0	0	1.661	0	616	11.13	96	84.93
3.79	0.7	7.4	0	0	0	1.0075	0	840	13.65	97	90.86
2.42	-0.9	3.6	0	0	0	4.7652	0	995	1.05	98	78.23
3.83	-1.9	8.9	0	0	0	1.4159	0	1290	0	99	67.97
5.61	4	6.9	0	0	0	0.4084	0	369	11.97	100	91.75
6.34	5.2	7.7	0	0	0	0.4901	0	387	5.46	101	94.15
8.53	6.2	13.4	0	0	0	1.5249	0	875	17.22	102	90.57
7.83	1.7	13.5	0	0	0	1.7427	0	1899	0	103	75.08
9.18	2.5	15.4	0	0	0	1.7972	0	1927	0	104	70.28
8.09	5.4	9.9	0	0	0	2.9408	0	647	1.68	105	78.95
5.57	4.2	9	0	0	0	1.4704	0	712	11.55	106	89.36
4.83	2.9	8.6	0	0	0	0.5991	0	1097	9.45	107	87.45
5.42	2.2	10.1	0	0	0	1.5249	0	1268	0.21	108	78.11
10.52	5.9	17.1	0	0	0	3.2131	0	2342	0	109	61.98
9.49	6.6	13.8	0	0	0	1.4704	0	865	2.1	110	80.5
11.11	0.9	19.6	0	0	0	2.2056	0	2255	0	111	73.95
10.48	6.3	13.3	0	0	0	1.4432	0	666	3.78	112	83.92
10.31	9.3	11.8	0	0	0	0.8441	0	270	4.2	113	91.15
11.96	6.1	18.2	0	0	0	1.0347	0	1899	0	114	75.86
12.84	8.6	18.4	0	0	0	1.8789	0	2196	0.21	115	72.29
12.33	7.6	17	0	0	0	2.5051	0	2109	0.63	116	65.77
12.15	4.5	19.6	0	0	0	0.9803	0	2623	0	117	63.31
14.17	5.6	22.3	0	0	0	2.0422	0	2575	0	118	53.54
13.39	7.4	20	0	0	0	1.7427	0	1544	0.42	119	74.26
11.48	6.8	16.7	0	0	0	1.9605	0	2169	1.05	120	69.46
9.93	3.4	18.4	0	0	0	1.6882	0	1486	3.15	121	75.7
10.49	4.5	17	0	0	0	1.5793	0	2492	0	122	71.65
12.24	5.4	18.8	0	0	0	0.8986	0	2276	0	123	66.4
14.03	6.1	21.5	0	0	0	2.0695	0	2893	0	124	59.63
14.31	6.6	21.7	0	0	0	2.1239	0	2871	0	125	55.81
13.52	5.1	21	0	0	0	2.1784	0	2886	0	126	57.18
15.47	6.5	23.7	0	0	0	2.2873	0	2776	0	127	62.08
15.64	7.7	23.1	0	0	0	1.9061	0	2933	0	128	58.92
15.61	6.4	24.5	0	0	0	2.369	0	2973	0	129	54.13
16.61	6.9	26.1	0	0	0	2.4235	0	2936	0	130	52.17
17.16	6.7	26.1	0	0	0	2.4779	0	2898	0	131	51.79
16.22	6.4	25	0	0	0	1.9333	0	2841	0	132	56.02
16.89	8.3	25.4	0	0	0	2.1512	0	2915	0	133	50.8
17.61	8	26.6	0	0	0	2.1512	0	2905	0	134	48.35
17.83	8.1	26.9	0	0	0	1.5521	0	2799	0	135	54.89
17.15	11.1	23.4	0	0	0	1.5521	0	2371	1.26	136	66.28
16.93	10.5	24.5	0	0	0	0.7897	0	2534	0.42	137	71.76
15.4	11.9	18.9	0	0	0	1.0075	0	1494	3.57	138	82.38
13.56	8.9	19.7	0	0	0	0.4629	0	1727	18.9	139	85.32
13.01	10.3	16.1	0	0	0	0.7624	0	1194	5.88	140	81.53
14.02	8.9	18	0	0	0	1.9061	0	1997	0	141	60.16
12.44	6.9	15.7	0	0	0	1.6066	0	1533	0	142	67.29
12.99	10.7	16.6	0	0	0	0.5174	0	857	0	143	77.6
15.15	10	20.4	0	0	0	1.1709	0	2025	0	144	69.65
15.54	9.3	24.2	0	0	0	1.0892	0	1560	0.42	145	77.19
18.37	11.9	25.5	0	0	0	0.5718	0	2273	3.36	146	76.89
19.96	15.8	25.7	0	0	0	0.953	0	1856	0	147	74.81
20.84	14.3	27.4	0	0	0	0.5446	0	1866	0	148	80.46
22.18	15.3	27.6	0	0	0	1.0075	0	2660	0	149	65.59
20.87	15.6	27.4	0	0	0	0.6807	0	2061	0	150	77.33
18.8	13.7	26.1	0	0	0	1.0075	0	1951	15.75	151	83.85
17.19	12	24	0	0	0	0.5991	0	1859	0.42	152	83.94
19.11	11.4	25.8	0	0	0	0.3812	0	2512	0	153	77.92
20.72	15.2	28.4	0	0	0	1.4159	0	2240	16.59	154	75.84
17.64	12.4	23.8	0	0	0	0.4901	0	2253	0	155	80.11
17.75	13.5	21.8	0	0	0	2.2056	0	2393	10.29	156	77.31
15.04	13.5	16.5	0	0	0	0.8169	0	510	26.67	157	93.94
17.02	13.8	22.2	0	0	0	1.062	0	1217	7.35	158	88.83
14.99	13.4	18	0	0	0	2.015	0	1099	0	159	85.84
16.49	11.7	24.9	0	0	0	0.7624	0	2096	0.63	160	82.55
17.95	11.1	25.9	0	0	0	1.0075	0	2795	0	161	76.59
20.23	12.5	28.4	0	0	0	0.5174	0	3231	0	162	70.4
17.54	13.6	23.4	0	0	0	0.2451	0	1413	0	163	74.91
15.3	10.8	21	0	0	0	0.8441	0	2601	7.35	164	69.28
12.4	6.9	17.8	0	0	0	1.2798	0	2283	0	165	72.8
12.76	5.3	19.3	0	0	0	0.5991	0	2704	0	166	69.71
12.38	7.9	17.7	0	0	0	0.4357	0	1576	6.51	167	81.45
13.93	10	19.3	0	0	0	0.3812	0	2138	0.84	168	78.85
13.11	9	16.3	0	0	0	0.4357	0	837	0.84	169	87.67
17.33	9	24.7	0	0	0	0.5718	0	3137	0	170	69.46
18.4	10.2	25.2	0	0	0	1.2526	0	2699	0	171	67.29
18.9	14.1	23.9	0	0	0	0.354	0	1980	0	172	73.05
20.99	13.6	29.2	0	0	0	0.2723	0	3250	0	173	70.5
23.02	14.2	31	0	0	0	0.3812	0	2606	0	174	73.28
22.03	16.5	27.3	0	0	0	0.708	0	2031	0.21	175	76.28
20.43	13.7	28.9	0	0	0	0.3268	0	2553	5.46	176	80.08
21.66	16.5	29.5	0	0	0	0.7897	0	1920	3.99	177	79.44
19.31	13.1	25.3	0	0	0	0.1634	0	2511	0	178	73.11
18.9	11.9	24.6	0	0	0	1.9333	0	2966	0	179	67.52
20.31	14.9	25.5	0	0	0	1.2253	0	2492	0	180	67.92
21.63	14.4	29.1	0	0	0	0.5446	0	3074	0	181	70.11
20.8	15.4	27.2	0	0	0	0.3268	0	2788	0	182	69.31
22.53	13.2	31.6	0	0	0	0.3268	0	3114	0	183	67.07
24.6	16.3	34	0	0	0	0.2178	0	2916	0	184	65.35
18.61	15.4	24.2	0	0	0	0.9258	0	898	18.88	185	86.3
17.3	11.1	23	0	0	0	1.0075	0	3027	0	186	70.19
18.07	8.5	26.9	0	0	0	0.2178	0	2835	0	187	65.57
18.08	12.4	22.2	0	0	0	0.5174	0	1461	4.72	188	79.07
17.08	11.5	22.3	0	0	0	1.7972	0	2233	0	189	67.32
16.06	11.4	20.7	0	0	0	1.9061	0	1257	3.07	190	71.7
17.38	11.6	22.4	0	0	0	1.1437	0	1970	0.24	191	73.01
21.33	12	29.3	0	0	0	1.0075	0	3091	0	192	65.03
18.96	14.5	26.2	0	0	0	0.4901	0	1873	19.12	193	82.75
18.32	14.7	22.8	0	0	0	0.8986	0	1857	0	194	72.35
15.82	10.9	21.8	0	0	0	0.1361	0	1627	3.3	195	83.18
15.69	8.5	22.4	0	0	0	0.2451	0	2096	0	196	72.18
17.58	8.6	26.2	0	0	0	0.8169	0	3057	0	197	68.91
18.86	11.2	26.1	0	0	0	1.3615	0	2535	0.47	198	71.75
15.65	13.3	20.2	0	0	0	0.0817	0	1165	10.15	199	86.73
16.89	13.3	22.3	0	0	0	0.708	0	1710	7.79	200	78.96
18.33	12.4	24.1	0	0	0	1.1164	0	1642	7.32	201	78.04
17.35	11.5	22.7	0	0	0	0.953	0	1951	0	202	71.9
14.23	11.1	17.9	0	0	0	1.0892	0	2274	1.42	203	69.4
13.79	9.6	18	0	0	0	1.6338	0	2597	0.24	204	78.04
16.62	9	24.8	0	0	0	0.1634	0	2921	0	205	72.64
18.15	9.3	26.4	0	0	0	0.6807	0	2972	0	206	66.69
20.33	11.2	29.4	0	0	0	0.354	0	2717	0	207	71.44
22.68	15.3	31.4	0	0	0	0.0817	0	2463	0	208	71.5
21.29	17	30.9	0	0	0	0.1361	0	1794	4.01	209	82.68
22.72	17.8	29.2	0	0	0	0.354	0	2126	0	210	78.95
22.49	16.5	29.7	0	0	0	0.6263	0	2208	0	211	74.36
23.4	16.5	32.9	0	0	0	0.0817	0	2188	0	212	74.96
24.47	15.8	34.1	0	0	0	0.1634	0	2636	0	213	68.16
21.33	17.4	24.7	0	0	0	0.8714	0	1083	2.36	214	79.41
20.26	13.9	26.1	0	0	0	0.4629	0	2285	0.47	215	72.24
20.42	17.3	25.5	0	0	0	0.7352	0	1704	3.78	216	80.23
19.3	14.9	22.4	0	0	0	1.3887	0	844	29.03	217	82.63
19.49	14.8	25.4	0	0	0	0.5174	0	2546	0	218	74.35
21.28	13.3	30.6	0	0	0	0.0817	0	2581	0	219	72.09
21.82	16.3	28.8	0	0	0	0.4901	0	1966	0.24	220	77.16
17.52	15.1	20.4	0	0	0	1.1164	0	1297	16.52	221	85.59
17.55	14.4	22.7	0	0	0	0.8169	0	1858	4.48	222	82.95
18.6	12.6	26	0	0	0	0.3812	0	1918	0	223	75.2
19	15	25.8	0	0	0	0.0272	0	1295	6.14	224	84.7
17.64	14.8	22.4	0	0	0	0.7624	0	769	11.09	225	87.94
19.05	13.5	23.4	0	0	0	2.7774	0	2491	0	226	60.02
17.25	10.9	24.6	0	0	0	0.2723	0	2344	0	227	73.45
14.87	11.8	18.5	0	0	0	0.1361	0	1089	9.2	228	87.75
15.3	9.1	23.2	0	0	0	0.4084	0	2438	0.24	229	76.1
16.84	9.6	25	0	0	0	0.5446	0	2385	0	230	70.23
19.08	11.7	27.7	0	0	0	0.708	0	2336	0	231	74.39
17.47	13.9	23.3	0	0	0	0.5174	0	1024	10.86	232	85.98
16.46	12	21.3	0	0	0	1.1164	0	1413	0	233	79.73
16.88	11.7	23.6	0	0	0	0.7352	0	2207	0	234	71.86
16.45	10.2	22.4	0	0	0	0.6807	0	1247	2.6	235	77.88
15.73	13.8	19.7	0	0	0	1.6882	0	1465	0.71	236	77.08
15.71	9.4	21.8	0	0	0	0.6535	0	2392	0	237	73.26
18.19	13.7	23.7	0	0	0	0.6263	0	2179	0.47	238	74.88
17.74	11.5	24.8	0	0	0	0.1634	0	2135	0	239	76.81
18.6	11.9	26.3	0	0	0	0.2451	0	2342	0	240	76.11
16.49	12.5	21.8	0	0	0	0.6263	0	1450	0	241	81.81
16.39	10.9	23.4	0	0	0	0.3268	0	1666	0	242	78.67
18.91	12	27.4	0	0	0	2.1239	0	2285	0	243	70.79
20.46	13.4	27.6	0	0	0	0.4084	0	1868	0	244	72.42
19.37	16.4	23.8	0	0	0	1.0347	0	1509	22.2	245	81.34
18.36	13.1	24	0	0	0	0.6263	0	2016	0	246	75.99
16.41	12.7	22.6	0	0	0	0.2178	0	1025	21.47	247	87.43
13.77	12.4	16.7	0	0	0	0.1089	0	636	5.61	248	92
17.69	11.1	26.5	0	0	0	0.1906	0	1227	1.46	249	83.98
17.68	14.2	21.9	0	0	0	0	0	704	4.64	250	86.96
15.94	12.7	20.1	0	0	0	0	0	1306	1.46	251	78.66
15.99	11.2	22.4	0	0	0	0	0	1827	0	252	78.6
16.38	8.3	26.3	0	0	0	0	0	2029	0	253	78.69
17.17	12.2	23.7	0	0	0	0	0	890	0.24	254	87.42
18.68	13.4	24.8	0	0	0	0.5991	0	1347	0	255	86.14
16.03	12.9	18	0	0	0	1.1164	0	304	5.12	256	89.31
13.06	9.3	14.5	0	0	0	0.4629	0	224	4.88	257	91.88
9.41	4.2	15.4	0	0	0	0.6263	0	970	0.24	258	80.39
7.94	3	12.8	0	0	0	0.3268	0	873	1.71	259	86.7
9.53	4.5	14.2	0	0	0	0.2178	0	912	0.24	260	84.57
7.6	3.6	11.3	0	0	0	1.062	0	1121	0	261	78.51
9.91	4.7	15.6	0	0	0	1.7155	0	1241	0	262	68.84
11.49	4.8	18.7	0	0	0	1.1437	0	1734	0	263	71.47
9.9	4.2	15.4	0	0	0	1.8789	0	1504	0	264	68.13
9.81	4.3	16.4	0	0	0	0.6807	0	1309	0.24	265	79.92
8.87	4.4	15	0	0	0	0.1634	0	782	1.95	266	90.6
10.03	4.5	16.4	0	0	0	0.2178	0	1515	0.24	267	83.09
11.86	7	16.9	0	0	0	0.6535	0	1188	0	268	80.15
12.1	10.5	14.1	0	0	0	0.9258	0	547	0	269	80.1
10.16	4.5	17.3	0	0	0	1.2526	0	1279	0	270	78.34
9.51	4	17.4	0	0	0	1.2798	0	1412	0	271	79.01
10.21	3.5	19.4	0	0	0	1.3343	0	1596	0	272	75.47
9.58	2.8	17.5	0	0	0	0.4084	0	1020	0	273	83.8
10.99	9	13.5	0	0	0	1.3887	0	386	3.17	274	83.21
12.47	10.3	14.8	0	0	0	4.2478	0	466	8.12	275	80.14
11.15	7.8	15.4	0	0	0	1.6066	0	925	10.82	276	78.45
7.84	5	12.6	0	0	0	0.5991	0	836	7.38	277	86.01
7.6	4.7	11.7	0	0	0	1.1437	0	914	2.71	278	85.09
8.74	2.3	15.1	0	0	0	0.8441	0	1018	0.25	279	75.05
14.04	10.1	17.5	0	0	0	1.9878	0	530	2.21	280	77.74
14.89	10.8	20.2	0	0	0	0.0817	0	1055	2.46	281	86.09
14.48	10.5	20	0	0	0	0.0272	0	812	0	282	86.79
13.13	11.9	14.7	0	0	0	0.0545	0	262	0.25	283	87.78
13.21	8.9	17.8	0	0	0	0.1906	0	1085	0	284	88.9
11.79	6.5	20.3	0	0	0	0.0545	0	1159	0	285	89.45
11.34	6.1	18.3	0	0	0	0.0545	0	801	0.25	286	91.83
12.54	6.5	20.5	0	0	0	0.0272	0	849	0.25	287	89.56
14.88	10.8	17.5	0	0	0	0.5991	0	371	0	288	85.47
14.17	11.5	17.7	0	0	0	0.8986	0	632	0	289	86.82
11.85	8.8	14.7	0	0	0	1.8789	0	168	29.27	290	90.57
7.83	4.5	12.7	0	0	0	0.8441	0	945	0	291	84.61
6.13	1	13.9	0	0	0	0.8441	0	1159	0	292	84.46
6.16	1.3	14.5	0	0	0	0.0817	0	1094	0	293	87.22
9.62	2.1	20	0	0	0	0.2995	0	878	0	294	85.25
14.29	9.9	20.4	0	0	0	0.6263	0	396	17.47	295	86.31
7.58	6.2	9.7	0	0	0	0.2451	0	168	18.2	296	93.84
6.42	2	12	0	0	0	0.8986	0	955	0	297	86.69
7.51	5	12.2	0	0	0	0.2723	0	647	0	298	84.86
8.28	4.1	15.2	0	0	0	0.7352	0	929	0	299	81.22
6.95	0.8	13.3	0	0	0	0.5174	0	666	0	300	84.99
8.82	7.4	10	0	0	0	0.1361	0	123	24.6	301	90.95
7.53	6.5	9.1	0	0	0	0.2723	0	233	7.38	302	94.61
6.11	4.6	6.8	0	0	0	0.0817	0	206	27.13	303	93.71
3.66	2.2	4.8	0	0	0	0.8714	0	231	20.23	304	92.49
5.82	3.3	8.1	0	0	0	0.4901	0	287	5.95	305	89.5
6.15	1.9	9.7	0	0	0	0.4084	0	435	0	306	91.59
8.74	5.2	12.7	0	0	0	2.369	0	468	0	307	88.46
9.35	6.8	15.3	0	0	0	0.6263	0	590	0	308	89.69
10.05	8	13.5	0	0	0	0.9803	0	423	0.48	309	90.66
9.24	5.4	11.6	0	0	0	1.0075	0	463	0	310	87.98
9.06	5.4	10.8	0	0	0	0.0817	0	182	0	311	88.16
9.26	5.5	14.2	0	0	0	0.0545	0	458	0	312	86.35
8.11	4.5	12.9	0	0	0	0.2995	0	537	0	313	85.69
10.04	2.6	15.5	0	0	0	1.7155	0	263	0.71	314	78.72
15.75	14	18.1	0	0	0	3.1042	0	568	0	315	55.2
11.25	4.9	16.4	0	0	0	1.6066	0	165	1.43	316	69.51
7.07	4.2	11.8	0	0	0	0.4357	0	465	0	317	84.79
5.55	1.2	9.1	0	0	0	0.1089	0	327	0	318	88.83
2.33	-1.4	9.3	0	0	0	0.0545	0	646	0.24	319	88.79
5.5	1.1	8.5	0	0	0	0.4901	0	266	0	320	84.25
8.59	7.5	9.9	0	0	0	2.2601	0	238	10.47	321	90.79
3.42	-0.6	8.1	0	0	0	0.354	0	583	0.24	322	86.64
4.59	-0.1	8.4	0	0	0	1.062	0	350	0.24	323	83.38
7.6	6.1	9.8	0	0	0	2.4235	0	339	1.67	324	84.56
8.51	7.6	9.5	0	0	0	7.706	0	156	6.66	325	77.13
5.65	1.3	8.1	0	0	0	5.7999	0	91	25.7	326	85.14
1.37	0.3	2.6	0	0	0	4.5474	0	226	0	327	80.31
-0.04	-1.1	1.7	0	0	0	3.2403	0	179	0	328	82.76
3.3	1.1	4.8	0	0	0	2.2601	0	212	4.05	329	88.4
-0.34	-3.2	0.9	0	0	0	0.8714	0	244	1.43	330	88.55
1.33	-1	4.8	0	0	0	0.5991	0	530	0	331	90
-0.01	-2.3	4.6	0	0	0	0.5718	0	593	0	332	89.42
-1.33	-4.8	1.6	0	0	0	0.2178	0	321	0	333	89.42
0.56	-1.8	6	0	0	0	0.7352	0	506	0	334	86.16
2.25	-0.1	9.2	0	0	0	0.8441	0	407	0.88	335	82.83
1.48	-1.4	4.6	0	0	0	1.3887	0	219	0	336	88.67
3.52	2.2	4.5	0	0	0	2.8319	0	129	3.3	337	78.96
4.44	-0.5	6	0	0	0	2.2328	0	195	18.48	338	75.18
5.97	2.2	8.8	0	0	0	1.4159	0	135	6.38	339	81.78
6.16	3.5	7.9	0	0	0	2.1512	0	214	12.32	340	83.21
5.08	2.7	6.4	0	0	0	3.5943	0	105	6.38	341	85.58
4.2	1	5.4	0	0	0	1.5249	0	181	1.32	342	89.59
-1.52	-3.8	0.5	0	0	0	0.2723	0	175	0.22	343	98.11
-0.51	-4.2	2.8	0	0	0	0.3268	0	161	0.22	344	95.4
0.84	0.2	2.2	0	0	0	0.5174	0	96	5.5	345	95.2
0.43	-0.3	1.5	0	0	0	0	0	93	7.48	346	96.96
-0.1	-1.6	0.5	0	0	0	0.2178	0	138	0.66	347	93.93
-0.43	-3.7	2.3	0	0	0	0.2178	0	208	0	348	90.9
0.2	-3.6	2.9	0	0	0	3.4037	0	420	0	349	85.82
0.72	-2.2	5.4	0	0	0	1.1164	0	448	0	350	90.65
0.71	-1.5	1.6	0	0	0	2.1512	0	80	0	351	94.92
0.28	-0.2	0.6	0	0	0	3.0225	0	54	0.66	352	92.04
1.24	-0.2	2.4	0	0	0	2.4507	0	142	2.42	353	91.4
3.36	0.5	5.1	0	0	0	2.6141	0	47	5.94	354	94.07
5.89	3.9	7.7	0	0	0	5.6638	0	50	5.28	355	85.36
8.66	7.9	9.3	0	0	0	4.7924	0	49	0.88	356	86.47
7.68	6.6	8.4	0	0	0	4.9286	0	63	1.54	357	83.92
3.76	0.7	7.8	0	0	0	0.6807	0	352	0	358	93.59
-0.66	-2.4	1.4	0	0	0	1.062	0	138	0.44	359	98.75
2.97	0.3	5.8	0	0	0	2.9136	0	182	1.1	360	82.6
-0.02	-1.9	2.8	0	0	0	5.4732	0	460	0	361	64.76
-0.38	-1.9	0.4	0	0	0	5.3915	0	159	0	362	66.69
-1.75	-6.3	1.1	0	0	0	3.5943	0	438	0	363	69.16
-4.39	-7.5	0.1	0	0	0	0.6263	0	419	0	364	83.9
-5.3	-9	0.3	0	0	0	0.2451	0	393	0	365	88.5
-3.8	-7.8	-0.2				0.3812		126	0		93.53
