Tp_av	Tpmin	Tpmax	T_s10	T_s20	vappd	wind	sundu	radia	prec	tagesnummer	RF
C_deg	C_deg	C_deg	C_deg	C_deg	mm_Hg	m/se	hours	J/cmı	mm	jday	%
50	-----	-----	-----	-----	-----	2m	-----	------	--	0	0
7.6583	5.6	10.1	0	0	0	2.7739	0	236.88	0	1	81.8438
6.8917	3.2	9.8	0	0	0	3.821	0	125.1	2.44	2	73.1146
4.5313	2.6	6.7	0	0	0	3.4093	0	131.04	0	3	77.6354
5.8469	3.6	9.2	0	0	0	3.1303	0	452.25	0.24	4	73.1042
5.6979	1.3	9	0	0	0	3.2132	0	129.87	1.46	5	74.1042
8.4833	6.7	10.3	0	0	0	3.18	0	198.18	3.17	6	80.375
8.4625	5	10.5	0	0	0	2.7711	0	129.42	0	7	77.4479
7.7615	1.2	13.8	0	0	0	2.9341	0	389.43	1.22	8	71.5313
8.1875	3.3	11.5	0	0	0	1.8207	0	305.37	0	9	81.875
7.3208	2	13.8	0	0	0	1.0001	0	466.65	0	10	79.0625
7.5365	2	11.4	0	0	0	1.3096	0	156.06	0.73	11	75.4167
8.3156	2.1	10.8	0	0	0	2.0279	0	104.67	2.93	12	78.7917
5.1125	2.5	7.3	0	0	0	2.1992	0	373.77	0	13	81.1875
1.9156	-2.4	6.5	0	0	0	0.9117	0	447.93	0	14	86.5104
0.2771	-2.8	5.9	0	0	0	1.5002	0	479.88	0	15	82.6354
-2.9323	-3.6	-2.2	0	0	0	0.6852	0	141.39	0	16	95.8021
-0.151	-4	5.2	0	0	0	0.6382	0	382.68	0	17	91.1354
5.2062	-0.2	8.7	0	0	0	3.075	0	75.69	8.54	18	78.6458
3.7115	1.3	6.5	0	0	0	2.7048	0	272.88	0.24	19	78.2813
6.7167	3.6	10.3	0	0	0	5.3875	0	43.65	8.3	20	83
6.7687	4.2	9.8	0	0	0	4.6388	0	306.09	9.27	21	70.6875
3.4667	-0.5	5.9	0	0	0	2.1163	0	320.67	0	22	75.9167
0.9313	-2.3	5.2	0	0	0	1.1466	0	381.6	0	23	77.5938
0.1792	-1.2	1.3	0	0	0	3.1828	0	202.14	0	24	74.5938
-1.0448	-2.3	0.5	0	0	0	3.6221	0	268.38	0	25	77.5
-1.55	-3.6	0.4	0	0	0	3.5281	0	232.83	0	26	66.4688
-2.5271	-3.4	-1.2	0	0	0	1.3344	0	386.64	0	27	62.75
-3.3531	-4.7	-1.6	0	0	0	1.0444	0	270	0	28	83.9583
-4.9417	-9.1	-2.2	0	0	0	1.6798	0	545.67	0	29	73.7396
-4.426	-8.9	-2.2	0	0	0	1.2626	0	253.08	0	30	71.0313
-0.324	-3.2	2.1	0	0	0	3.285	0	187.29	1.71	31	76.6563
2.6958	0.5	5.5	0	0	0	1.8732	0	335.7	1.23	32	79.0208
2.526	1.4	4.4	0	0	0	2.4037	0	153.99	0	33	86.3646
4.0313	1.9	6.3	0	0	0	1.3317	0	232.2	0.49	34	87.3646
3.0885	0.3	7.3	0	0	0	1.4919	0	549.36	0	35	78.8333
0.5635	-3.8	5.2	0	0	0	1.2488	0	646.47	0	36	71.9792
-1.975	-3.8	-0.3	0	0	0	1.7074	0	161.64	0	37	85.4375
-0.426	-2.8	4	0	0	0	0.5912	0	483.12	0	38	79.2708
1.4667	-2.8	8.7	0	0	0	0.4034	0	540	0	39	83.5521
1.4583	-2.9	8.5	0	0	0	0.489	0	611.64	0	40	82.5
5.1271	-0.4	9.4	0	0	0	2.5197	0	224.19	3.2	41	76.3958
7.0479	6.2	8.4	0	0	0	4.0282	0	162.54	4.43	42	84.0417
9.5844	5.4	11.9	0	0	0	5.4428	0	134.73	19.68	43	84.1354
3.4104	0.6	6.1	0	0	0	4.3321	0	196.65	3.94	44	80.3021
2.5115	0	6.1	0	0	0	2.8098	0	477.99	1.97	45	82.1667
0.5177	-1.1	2.2	0	0	0	3.4093	0	212.85	3.94	46	83.3854
-0.1667	-1.5	1.1	0	0	0	3.5585	0	336.15	0	47	80.1875
-0.3729	-1.7	0.9	0	0	0	1.8179	0	329.22	0.98	48	82.125
-0.3177	-1.5	0.9	0	0	0	1.6881	0	332.28	0	49	67.4896
-0.3375	-1.8	0.9	0	0	0	2.7186	0	356.13	0.49	50	86.1354
0.1167	-4.4	3.7	0	0	0	1.1493	0	485.55	2.71	51	87.5417
-1.201	-4.1	0.6	0	0	0	1.4809	0	335.07	0	52	89.8646
-1.3896	-2.8	-0.2	0	0	0	2.0749	0	249.66	0	53	89.7604
-2.5458	-8.2	0.8	0	0	0	0.7902	0	600.48	5.41	54	88.0104
-4.276	-12	0.1	0	0	0	0.594	0	634.14	0.74	55	84.2396
-2.9781	-8.3	2.4	0	0	0	1.2267	0	845.37	0.25	56	78.7396
-2.7729	-9.9	4.1	0	0	0	0.5912	0	869.13	0	57	79.8958
-2.851	-6.4	-0.5	0	0	0	3.9398	0	969.93	0.25	58	73.1563
-8.5635	-16.6	-2.2	0	0	0	1.1549	0	1129.32	0	59	69.2083
-8.9042	-17.3	-2	0	0	0	0.757	0	961.92	0	60	65.0729
-6.2115	-14.3	4.2	0	0	0	0.6327	0	997.29	0	61	64.1042
-3.7167	-12.6	4.7	0	0	0	1.351	0	920.16	0	62	66.7813
-1.6521	-9.2	4.5	0	0	0	1.0637	0	1008.36	0	63	62.1667
-0.4938	-3	2.3	0	0	0	0.6879	0	407.25	0.24	64	81.375
-3.5688	-11.2	-0.8	0	0	0	2.1025	0	595.89	0.24	65	78.6771
-3.4271	-11.4	0.6	0	0	0	2.3346	0	683.19	0	66	81.1979
2.1677	-0.6	5	0	0	0	2.8374	0	463.5	0.95	67	84.125
3.3802	1.9	5.1	0	0	0	1.9948	0	412.47	0.24	68	82.8438
2.4125	-2.6	7	0	0	0	0.6935	0	893.61	0	69	76.9688
2.3969	-3.5	6.8	0	0	0	3.9039	0	407.7	0	70	71.7292
3.675	1.2	6.7	0	0	0	4.4288	0	292.41	8.09	71	78.25
3.1073	-1.5	7.7	0	0	0	2.2904	0	793.89	0	72	69.8646
3.8542	-2.3	9.7	0	0	0	0.9117	0	1084.41	0	73	68.8125
7.7271	1.3	14.9	0	0	0	1.3648	0	1296.81	0	74	66.9375
11.8958	1.3	21.1	0	0	0	1.5472	0	1301.22	0	75	59.3021
13.9229	5.5	18.9	0	0	0	3.3016	0	1152.27	0	76	58.4896
14.5167	7.8	20.5	0	0	0	2.318	0	1346.67	0	77	63.5938
13.6198	8	18.1	0	0	0	1.7268	0	1120.32	0	78	69.5104
10.001	5.6	13.9	0	0	0	3.1938	0	1171.17	0	79	67.6979
9.9958	3.8	17.3	0	0	0	3.6939	0	1420.11	0	80	56.4896
10.6656	3.7	16.9	0	0	0	0.8731	0	907.92	2.14	81	60.9167
13.2844	9.6	18.2	0	0	0	1.4643	0	924.66	0	82	72.7188
12.6313	4.8	20	0	0	0	0.8758	0	1171.8	0.24	83	74.5417
12.175	8.2	16.6	0	0	0	1.456	0	779.22	4.05	84	79.25
8.8906	3	14.3	0	0	0	0.6106	0	635.67	4.52	85	89.0625
10.999	6.3	15.4	0	0	0	0.71	0	597.06	3.09	86	87.3646
11.7458	6.6	16.7	0	0	0	1.34	0	1148.85	0	87	78.6563
12.5042	6.3	18.9	0	0	0	0.8454	0	1141.02	0	88	72.1146
10.3146	7.9	12.7	0	0	0	0.6907	0	380.88	10.71	89	88.8854
9.9083	4.8	14.4	0	0	0	0.9311	0	578.61	1.9	90	88.125
9.9865	3.2	16.4	0	0	0	2.6772	0	1555.2	0	91	52.5417
11.8208	3.9	20	0	0	0	1.9865	0	1589.4	0	92	43.875
11.8583	1.9	21.6	0	0	0	0.4918	0	1541.79	0	93	57.9792
13.0323	4.9	21.4	0	0	0	1.1714	0	1573.11	0	94	56.1667
9.849	4.9	13.2	0	0	0	1.2295	0	324.99	1.32	95	79.4063
11.6292	4.5	17.6	0	0	0	1.4864	0	1204.56	2.86	96	77.0729
11.4219	7.4	14.5	0	0	0	3.553	0	610.92	13.86	97	78.5521
8.5109	5.6	11.4	0	0	0	1.9806	0	1129.86	4.62	98	76.4674
5.0292	-1	7.4	0	0	0	3.2353	0	375.75	2.2	99	74.6979
5.2292	-1	10.2	0	0	0	1.0554	0	930.06	0	100	74.3125
9.2052	1.7	15.7	0	0	0	2.5169	0	1732.5	0	101	63.9063
9.499	3.7	14.2	0	0	0	1.3123	0	798.21	0	102	66.3333
11.7438	6	17.9	0	0	0	0.6879	0	1238.67	0	103	65.5729
12.9042	7.4	19.6	0	0	0	0.6244	0	1287.09	0	104	65.0208
12.3396	3.8	21.6	0	0	0	1.5472	0	1382.85	0	105	67.0417
12.7615	6.8	22	0	0	0	1.7572	0	1090.8	2.86	106	74.1354
11.0885	7.8	17.7	0	0	0	1.6466	0	826.56	9.68	107	86.4167
12.149	9	16.6	0	0	0	1.7765	0	931.5	0.88	108	77.3125
10.0813	8.4	11.6	0	0	0	1.561	0	469.53	20.24	109	88.1354
8.075	6.2	8.8	0	0	0	0.978	0	363.96	10.78	110	90.2396
7.3073	1.5	13.3	0	0	0	1.5251	0	1946.61	0.22	111	64.9688
8.4677	-1	16.6	0	0	0	1.0499	0	2008.17	0	112	59.1667
10.1646	0.2	18.1	0	0	0	0.6824	0	1377.9	0.66	113	69.2604
12.3604	9.5	17	0	0	0	0.4255	0	500.67	2.42	114	86.2604
11.6344	10.3	14.4	0	0	0	1.9064	0	637.47	5.06	115	85.4271
12.75	9.5	17.3	0	0	0	1.6439	0	1254.96	1.1	116	77.2813
12.2927	7.5	15.8	0	0	0	2.0307	0	1162.98	2.2	117	73.7188
13.174	4.5	20.1	0	0	0	0.6962	0	1570.32	0	118	66.4375
17.0875	9.8	24.3	0	0	0	0.5028	0	1425.6	0.66	119	67.3958
18.6065	9	27.7	0	0	0	0.5415	0	2062.08	0	120	65.837
19.4281	9.1	29.5	0	0	0	0.8316	0	2094.66	0	121	60.1979
19.7417	9.4	28.4	0	0	0	1.1493	0	1833.3	0	122	56.2292
16.6177	13.6	22.9	0	0	0	1.293	0	964.62	7.14	123	76.4167
13.2208	10.7	16.5	0	0	0	2.2268	0	1139.94	2.52	124	78.625
12.5156	9.3	16.6	0	0	0	1.0665	0	784.71	5.04	125	75.2917
10.2333	8.7	14.1	0	0	0	2.0638	0	629.73	6.93	126	81.5729
9.8458	8.3	12.7	0	0	0	2.2849	0	469.08	5.88	127	84.0938
8.8781	5.8	13.2	0	0	0	2.4037	0	1404.99	1.05	128	70.5
9.0406	4.1	14.6	0	0	0	1.6991	0	1785.24	1.68	129	70.0625
8.0917	1.4	15.4	0	0	0	1.3179	0	1629.18	0.21	130	68.6146
8.8073	0.6	15.4	0	0	0	1.409	0	1908.36	0	131	61.9688
11.6833	3.7	19.3	0	0	0	2.9535	0	2311.92	0	132	52.7083
14.2885	8.3	20.2	0	0	0	2.5059	0	1506.06	0	133	51.5313
13.9625	10.2	18.6	0	0	0	2.1744	0	876.33	6.3	134	80.3229
13.0167	8.1	18.1	0	0	0	1.7489	0	1335.42	0.21	135	68.7396
11.2573	5.9	17.6	0	0	0	1.3593	0	1167.03	2.73	136	75.5521
12.1719	9	17.8	0	0	0	2.0583	0	1582.74	3.36	137	78.375
10.826	5.7	16.2	0	0	0	2.1799	0	1515.51	0	138	62.2396
11.674	1.9	20.3	0	0	0	0.6437	0	2123.55	0	139	64.5417
16.4271	7	25.9	0	0	0	0.6244	0	1968.75	0	140	65.0625
17.1406	12.8	22	0	0	0	1.1217	0	1155.42	5.25	141	78.2917
16.1458	13.1	20.5	0	0	0	0.757	0	1095.66	2.1	142	80.7396
13.6604	11.3	17.1	0	0	0	1.1632	0	996.66	7.35	143	83.0313
15.1156	6.7	22.2	0	0	0	0.8758	0	2289.06	0	144	65.5208
18.475	7.8	27.9	0	0	0	0.5553	0	2469.87	0	145	58.8333
21.8354	11.7	31.7	0	0	0	0.5995	0	2485.08	0	146	58.5729
23.3708	13	33.3	0	0	0	0.5995	0	2383.02	0	147	59.0625
24.2573	14.2	32.7	0	0	0	0.8648	0	2377.8	0	148	59.7292
24.2667	17.1	31.1	0	0	0	1.0499	0	1951.56	0	149	65.8646
18.3302	12.2	21.2	0	0	0	1.9285	0	559.53	4.41	150	78.0938
14.6667	9.9	20	0	0	0	0.7708	0	1937.34	0	151	63.3021
14.8698	5.6	22.7	0	0	0	0.7239	0	2414.07	0	152	60.3333
17.5792	7.3	26.2	0	0	0	0.489	0	2369.7	0	153	57.9375
20.6604	10.1	31.4	0	0	0	1.0388	0	2261.61	0	154	57.8542
18.5073	14.6	22	0	0	0	3.2629	0	2118.24	0	155	56.3125
15.6177	11.3	20.4	0	0	0	1.9975	0	1418.13	0.21	156	63.7188
14.9156	12.3	17.5	0	0	0	1.1963	0	1102.32	7.14	157	75.0417
11.476	6.5	15	0	0	0	1.7544	0	1396.98	0	158	60.0833
11.8667	2.6	18.8	0	0	0	1.0941	0	1961.1	0	159	59.8958
13.3052	5.9	19.5	0	0	0	1.4063	0	1996.92	0	160	53.3125
13.6427	3.8	21.3	0	0	0	0.4531	0	1786.05	0	161	59.1146
13.5177	8	17.2	0	0	0	1.0112	0	1302.66	0	162	68.875
14.2844	4.4	21.7	0	0	0	0.6879	0	2503.98	0	163	57.4167
17.2646	7.6	25.8	0	0	0	0.9477	0	2347.47	0	164	56.8229
16.1115	11.2	20.3	0	0	0	0.2735	0	701.73	1.47	165	81.8542
18.6	13.4	26	0	0	0	0.7211	0	2090.61	0	166	74.8125
19.4573	13.4	25	0	0	0	1.0996	0	1766.16	0	167	65.0521
21.0813	14.6	27.9	0	0	0	0.9338	0	1473.48	0	168	66.0208
22.8917	17.5	28.3	0	0	0	1.025	0	1887.75	0	169	57.2604
22.0437	12.4	29.6	0	0	0	1.4477	0	2584.89	0	170	44.8021
23.7917	12.3	32.5	0	0	0	1.1576	0	2554.38	0	171	49.5625
25.3875	15	34.8	0	0	0	0.3647	0	2330.1	0	172	50.7188
24.425	18.3	29.7	0	0	0	0.9946	0	2221.2	0	173	52.1354
24.2833	15	32.7	0	0	0	1.0609	0	2382.21	0	174	52.4167
26.424	18.9	33.7	0	0	0	0.6244	0	2173.32	0	175	56.8646
23.8729	19.3	30.1	0	0	0	1.0305	0	1792.26	0	176	69.3958
23.5229	17.9	28.7	0	0	0	0.9559	0	2055.06	0	177	69.7396
25.4677	18.2	32.2	0	0	0	0.8427	0	2378.25	0	178	58.4271
25.6563	18.7	32.9	0	0	0	0.6437	0	2139.39	0	179	59.8021
23.2229	18.1	29.2	0	0	0	1.0057	0	1668.6	9.87	180	71.7917
21.0927	15.8	26.3	0	0	0	1.9837	0	2089.35	15.96	181	64.1667
17.8594	14.8	22.2	0	0	0	2.1882	0	1260.54	4.83	182	75.8958
18.3667	14.7	22.3	0	0	0	1.0112	0	994.77	0.42	183	77.4375
22.1906	16.1	28.4	0	0	0	0.2431	0	1964.7	0	184	69.4375
20.5656	14.9	29.9	0	0	0	0.9863	0	1417.86	15.75	185	68.7604
16.9427	11.9	22.2	0	0	0	1.188	0	2101.14	0.84	186	57.9063
14.6646	8.7	21.9	0	0	0	0.9919	0	1158.39	3.99	187	79.9583
14.5979	12	19.5	0	0	0	1.3013	0	1034.73	7.35	188	77.5729
14.3417	10.5	20.1	0	0	0	0.2984	0	1127.88	4.83	189	80.9271
17.024	7.9	24.9	0	0	0	0.4282	0	2139.12	0	190	69.0208
18.2729	10.4	27.1	0	0	0	0.5277	0	1499.49	0	191	75.2708
19.9615	12.3	27	0	0	0	0.3426	0	1634.13	0.63	192	71.6042
20.4573	12.1	29.2	0	0	0	0.4531	0	1921.23	0	193	70.1979
22.2281	12.6	30.2	0	0	0	0.5691	0	2337.21	0	194	62.1667
23.2802	12.6	33.1	0	0	0	0.1685	0	2324.34	0	195	58.9688
24.3125	13.4	33	0	0	0	1.014	0	2218.14	0	196	55.1979
24.9	15.1	33.7	0	0	0	1.1991	0	2225.7	0	197	54.0417
23.1635	13.8	31.6	0	0	0	0.8012	0	2380.05	0	198	53.8021
21.126	12.4	29.9	0	0	0	1.1604	0	1592.73	1.89	199	66.6563
19.8354	16.3	23.1	0	0	0	2.3733	0	992.16	1.47	200	63.75
19.3104	15.5	24.3	0	0	0	2.539	0	1073.97	0	201	59.0417
19.0969	13.6	25.3	0	0	0	2.202	0	1991.25	0	202	64.3438
17.6885	15.6	20.9	0	0	0	1.5776	0	681.3	0	203	64.4375
18.9	14	25	0	0	0	0.8758	0	1676.07	0	204	59.5521
19.199	13.9	24	0	0	0	0.6299	0	944.28	0	205	69.9167
19.226	16.4	22.6	0	0	0	1.445	0	1113.21	0	206	80.3438
21.0927	16.4	26.3	0	0	0	1.0692	0	1662.03	0	207	68.2396
24.2563	13.7	35	0	0	0	0.2017	0	2230.65	0	208	65.9271
27.2115	19.1	35.9	0	0	0	0.9532	0	1931.31	0	209	55.0104
22.7542	18.2	30	0	0	0	0.6658	0	1373.67	5.25	210	76.5417
20.3479	16	25.3	0	0	0	1.4035	0	1677.69	0	211	70.3438
19.0615	11.4	25.5	0	0	0	1.456	0	1995.75	0	212	62.4896
19.6687	10.5	27.4	0	0	0	0.3647	0	2100.15	0	213	62.2917
16.7031	15	20.4	0	0	0	0.4061	0	345.06	15.33	214	86.4688
18.6229	14.6	24.5	0	0	0	1.1604	0	1508.67	2.31	215	71.3542
17.8104	10	23.8	0	0	0	0.6078	0	1783.53	0	216	64.6563
17.1698	8.9	24	0	0	0	1.3566	0	1464.66	0	217	68.5208
17.6156	14.6	20.7	0	0	0	1.3041	0	1303.29	0.42	218	67.2396
13.9344	10.5	19.2	0	0	0	1.2958	0	1265.22	2.52	219	71.9583
14.5979	11	19.8	0	0	0	1.5251	0	1080.81	0.42	220	71.4583
16.1594	11.1	22.4	0	0	0	1.0305	0	1563.48	0	221	67.5938
15.4052	8.5	23.7	0	0	0	1.1687	0	1353.51	0	222	68.5104
16.075	6.9	24.4	0	0	0	0.3343	0	1848.87	0	223	68.0521
17.8656	11.9	27.1	0	0	0	1.2764	0	1654.47	0	224	73.2083
17.3896	11.4	23.7	0	0	0	0.4117	0	1903.95	0	225	70.4792
14.9115	11.8	20.4	0	0	0	1.4892	0	769.5	0	226	81.7708
14.3562	11.7	19.1	0	0	0	1.0582	0	672.48	0	227	87.2083
17.5708	13.8	23.6	0	0	0	0.3094	0	1303.83	0	228	79.0833
18.7333	11.2	26.1	0	0	0	0.9642	0	1805.58	0	229	71.1146
21.2729	14.2	29.8	0	0	0	0.4338	0	1914.21	0	230	68.1563
19.85	14	28	0	0	0	0.8289	0	1356.12	0	231	77.125
17.8427	14.6	22.8	0	0	0	0.7183	0	1114.92	0	232	77.2396
16.8177	13.9	20.5	0	0	0	1.0388	0	407.43	0	233	85.9792
19.6104	17.2	24	0	0	0	1.1079	0	667.17	0	234	74.6979
19.25	15.8	24.8	0	0	0	1.3566	0	1305.36	0	235	72.3333
19.3583	15.3	24.6	0	0	0	0.9698	0	1543.95	0	236	71.3854
17.2031	14.6	20.9	0	0	0	1.6163	0	662.31	0.84	237	79.7188
16.299	10.4	22.1	0	0	0	1.4615	0	1782.09	0.21	238	67.4688
15.6542	7.4	24.5	0	0	0	0.326	0	1475.64	0	239	69.0729
17.625	9.9	25.9	0	0	0	0.3454	0	1850.4	0	240	65.6458
19.1198	9.1	30.4	0	0	0	0.4476	0	1851.12	0	241	67.5104
21.4406	12.5	30.8	0	0	0	0.5194	0	1812.15	0	242	66.1771
22.525	13.7	32	0	0	0	0.3481	0	1768.95	0	243	65.9896
21.4177	13.6	28.2	0	0	0	1.0388	0	1455.48	0	244	73
22.1135	16.8	28.8	0	0	0	0.2956	0	1258.47	0	245	70.7813
21.9323	15.7	28.4	0	0	0	0.6879	0	1436.76	0	246	69.5208
21.4448	14.7	28.8	0	0	0	0.9919	0	1539.99	0	247	63.5729
20.999	12.3	29.1	0	0	0	0.4227	0	1607.04	0	248	60.0417
21.5552	13.2	30.5	0	0	0	0.3868	0	1543.23	0	249	64.6354
21.1917	12.6	30.8	0	0	0	0.2625	0	1588.32	0	250	65.4167
22.3	14.8	31.4	0	0	0	0.5995	0	1484.46	0	251	62.875
20.876	15.6	27.7	0	0	0	0.9173	0	1079.64	0	252	71.8854
20.9292	17.5	25.6	0	0	0	1.0222	0	1022.67	0	253	71.8021
17.7583	15.7	21.7	0	0	0	0.536	0	427.77	0	254	85.8958
18.0729	15.6	23.3	0	0	0	1.1107	0	962.28	0	255	82.625
17.2604	14.8	20.6	0	0	0	0.4448	0	529.47	0	256	84.3021
18.3844	15.6	21.7	0	0	0	1.1521	0	633.24	0	257	76.0833
18.0531	15.5	20.2	0	0	0	1.4339	0	546.84	0.42	258	80.9896
15.8167	10.1	19.8	0	0	0	1.6024	0	241.65	26.25	259	83.8333
11.5625	7.4	17	0	0	0	0.6576	0	976.95	0	260	75.1771
11.1573	3.9	18.8	0	0	0	1.0305	0	1415.88	0.21	261	68.2708
11.7	5.2	19.6	0	0	0	0.8896	0	1449.54	0	262	65.1354
10.7875	1.9	20.9	0	0	0	0.221	0	1395.18	0	263	70.7396
11.6802	3.1	21.3	0	0	0	0.6023	0	1348.47	0	264	70.3229
12.8604	5.2	22.1	0	0	0	0.4393	0	1319.76	0	265	72.1771
13.375	5.3	23.5	0	0	0	0.4227	0	1293.03	0	266	76.4896
15.174	8.4	26	0	0	0	0.4006	0	1277.91	0	267	72.8854
15.825	8.8	25.3	0	0	0	0.5222	0	1272.06	0	268	74.0625
16.6427	13.6	21.3	0	0	0	0.8592	0	725.76	0	269	78.6979
15.6781	12.7	20.6	0	0	0	0.315	0	497.7	0	270	82.8646
15.375	12.5	19.6	0	0	0	0.978	0	747	0.42	271	78.1979
12.974	10.1	16.9	0	0	0	1.5859	0	596.07	4.41	272	79.2396
11.451	7.3	15.5	0	0	0	0.8233	0	737.19	0	273	71.125
12.5979	11.3	14.7	0	0	0	1.2129	0	219.15	27.93	274	85.6042
11.3	8.1	15	0	0	0	0.4614	0	482.13	0.42	275	86.8333
10.8219	8.8	12.8	0	0	0	0.6327	0	167.49	1.05	276	88.6146
13.7635	11.1	17	0	0	0	0.6161	0	186.03	3.99	277	86.8229
15.9125	13.7	21.3	0	0	0	0.1796	0	502.65	0	278	84.4167
14.7344	9.6	19.9	0	0	0	0.2404	0	577.71	0	279	83.6771
13.1104	8.8	19.2	0	0	0	0.1271	0	586.98	0	280	86.7188
12.9083	7.9	21.8	0	0	0	0.2487	0	813.24	0	281	86.5208
12.826	7.5	23.5	0	0	0	0.152	0	892.26	0	282	84.7396
13.4219	8.7	21.1	0	0	0	0.4006	0	793.35	0	283	84.3854
11.8802	8.2	18.4	0	0	0	0.1713	0	625.41	0.21	284	88.0833
12.624	8	22.4	0	0	0	0.2763	0	824.4	0.21	285	81.9271
10.625	3.6	21.9	0	0	0	0.1078	0	912.24	0	286	81.9792
10.0469	2.8	20.8	0	0	0	0.2514	0	910.71	0	287	79.0625
11.2312	3.9	20.6	0	0	0	0.6161	0	856.71	0	288	77.8229
11.8688	5.3	19.2	0	0	0	0.9919	0	894.15	0	289	73.3125
9.7604	4	16.6	0	0	0	1.561	0	927.18	0	290	63.6563
8.6333	2.5	15.3	0	0	0	1.3455	0	900.99	0	291	63.8542
6.2531	1.1	9.8	0	0	0	0.0414	0	263.88	2.52	292	88.6042
9.9958	7.6	14	0	0	0	0.0663	0	286.11	0.21	293	93.3333
12.9927	7.3	20.4	0	0	0	0.3177	0	547.47	1.05	294	85.0521
17.024	13.9	20.8	0	0	0	2.05	0	497.43	7.35	295	74.1354
14.0677	7.5	16.8	0	0	0	1.7572	0	382.5	0.84	296	78.7396
11.0771	3.6	18.1	0	0	0	0.7515	0	704.07	0	297	80.2188
15.8323	10.6	21.7	0	0	0	2.0804	0	578.7	0	298	68.1667
15.8073	9.3	20.9	0	0	0	1.1438	0	395.73	0	299	78.4792
11.974	6.6	20.9	0	0	0	0.1906	0	763.65	0	300	86.9271
10.9365	4.4	20.1	0	0	0	0.1879	0	715.68	0	301	87.3646
11.6458	6.5	20.3	0	0	0	0.4614	0	718.29	0.21	302	84.7083
9.9217	4.4	19.1	0	0	0	0.4728	0	707.22	0	303	87.2065
10.4229	5.5	17.9	0	0	0	0.6382	0	605.7	0.21	304	87.3438
12.7302	10.1	18.2	0	0	0	0.8316	0	555.57	4.72	305	86.125
10.1125	4.7	15.6	0	0	0	0.3039	0	281.88	0.47	306	89.0104
14.3656	10	21.2	0	0	0	0.5167	0	665.46	5.9	307	83.6979
12.9625	7.9	18.5	0	0	0	0.7128	0	384.93	0.94	308	86.2292
10.9625	8.5	13.8	0	0	0	1.398	0	549	7.08	309	78.4063
9.3542	3.4	15.1	0	0	0	0.4586	0	685.98	0	310	76.5208
5.8427	-0.2	12.4	0	0	0	0.2652	0	355.41	0	311	86.0104
6.8417	1.9	16.5	0	0	0	0.1851	0	581.94	0	312	84.0104
5.1635	0.1	13.2	0	0	0	0.0856	0	465.75	0	313	89.2604
7.1385	1.7	12.7	0	0	0	0.3951	0	166.86	0.24	314	90.3333
6.3937	0.6	12.4	0	0	0	0.5305	0	547.74	0	315	86.3229
6.3208	0.6	11.3	0	0	0	0.2846	0	425.43	0	316	89.8021
7.7542	3	13.2	0	0	0	1.5389	0	523.98	0	317	83.4167
4.9479	-1.3	8.5	0	0	0	2.1301	0	403.56	0	318	79.2708
3.874	-1.3	5.9	0	0	0	1.4643	0	120.87	0.47	319	86.5208
5.5375	2	8.5	0	0	0	2.1329	0	117.36	5.19	320	86.9583
3.7062	1.1	5.7	0	0	0	1.9533	0	85.23	0	321	82.7604
2.9188	-2.7	6.6	0	0	0	1.0886	0	286.65	1.42	322	86.3438
-0.0094	-4	5.6	0	0	0	0.1906	0	261.54	0.47	323	93.2083
-1.3094	-4.2	1	0	0	0	1.3068	0	153.09	0	324	95.3646
1.1438	-0.6	2.8	0	0	0	1.3593	0	51.03	2.6	325	93.4271
0.5531	-2.1	4.1	0	0	0	1.5665	0	416.16	0	326	82.5417
2.3073	0.4	4.4	0	0	0	2.144	0	154.53	0	327	78.6458
0.6979	-0.4	2.3	0	0	0	1.8373	0	108.72	0	328	66.5208
1.151	-0.2	3.3	0	0	0	3.5143	0	321.21	0.24	329	77.0208
1.9229	-2.3	5.8	0	0	0	1.666	0	523.71	0	330	64.375
1.7656	-2.6	4.2	0	0	0	1.9174	0	181.98	3.3	331	77.9167
2.8646	1.4	4.6	0	0	0	2.8706	0	117.27	4.48	332	85.6875
2.8656	0.9	4.1	0	0	0	0.4421	0	144	0	333	87.9583
2.2656	-0.3	4.2	0	0	0	0.2929	0	257.58	0	334	81.0729
0.1938	-4.8	6.6	0	0	0	0.3481	0	457.02	0	335	80.5833
-2.1563	-6.9	2.3	0	0	0	0.4724	0	255.87	0	336	85.6979
3.7552	-1.3	9.2	0	0	0	1.1797	0	186.57	0.71	337	83.8333
8.9906	6.9	11.2	0	0	0	3.0336	0	147.96	12.74	338	74.7292
7.0938	4.8	9.5	0	0	0	1.7986	0	192.42	1.65	339	80.8333
4.3688	1.2	5.7	0	0	0	0.4945	0	153.72	1.65	340	90.2708
4.1365	3	5.9	0	0	0	1.7958	0	75.42	4.48	341	87.8125
3.5865	0.6	5.5	0	0	0	0.6133	0	119.7	1.89	342	87.6667
3.1948	1.7	4.5	0	0	0	1.5389	0	91.35	0.24	343	87.7604
1.2302	-1.8	4.2	0	0	0	1.8124	0	377.55	0.24	344	71.8333
-0.6115	-4	2.9	0	0	0	2.412	0	342.36	0	345	74.8333
0.7021	-3	3.4	0	0	0	2.0417	0	261.99	0.47	346	83.5417
3.5073	1.9	5.9	0	0	0	1.6991	0	253.8	0	347	77.4792
2.9604	1.5	5	0	0	0	0.5609	0	100.53	0.94	348	86.4271
3.775	2.3	5.8	0	0	0	2.4396	0	123.12	0.71	349	87.2083
5.1417	2.6	6.9	0	0	0	4.6029	0	36.27	18.17	350	83.7604
2.2531	0.2	4.4	0	0	0	2.6413	0	266.85	1.42	351	77.6979
0.7083	-1.4	2.4	0	0	0	1.7931	0	113.4	0	352	84.6563
1.1031	0.1	2.5	0	0	0	2.9949	0	177.39	0.94	353	81.2813
1.9688	0.8	3.2	0	0	0	1.9837	0	96.84	0.24	354	85.2813
1.2729	-1	3	0	0	0	0.652	0	138.33	0	355	85.0313
1.199	-0.2	2.7	0	0	0	2.2324	0	31.5	0.47	356	85.1771
3.2042	1.5	4.7	0	0	0	1.3593	0	50.49	6.37	357	91.4792
4.5823	3.4	5.8	0	0	0	1.34	0	105.84	2.36	358	88.2813
4.226	0.7	7.1	0	0	0	0.5691	0	227.61	1.42	359	87.0625
0.7667	-0.7	2.2	0	0	0	0.7791	0	136.62	0.47	360	93.9896
-0.6479	-2	0.9	0	0	0	1.3041	0	144.72	0.24	361	91.2917
-3.399	-4.2	-1.8	0	0	0	2.0031	0	123.75	0	362	91.1458
-3.526	-4.2	-2.6	0	0	0	1.9367	0	226.98	0	363	87.9688
-4.7427	-10.9	1.3	0	0	0	0.5305	0	404.82	1.65	364	82.7813
3.7969	-3.7	7.7	0	0	0	1.7406	0	150.57	4.72	365	88.6875
