Tp_av	Tpmin	Tpmax	T_s10	T_s20	vappd	wind	sundu	radia	prec	tagesnummer	RF
C_deg	C_deg	C_deg	C_deg	C_deg	mm_Hg	m/se	hours	J/cmı	mm	jday	%
50	-----	-----	-----	-----	-----	2m	-----	------	--	0	0
7.72	7.5	9	0	0	0	5.7999	0	154	3.46	1	76.47
4.3208	2.9	6.1	0	0	0	4.6291	0	160	4.2	2	85.8438
5.826	4.5	7.1	0	0	0	3.8666	0	225	0	3	80.3438
7.1417	5.1	8.4	0	0	0	4.6018	0	134	0.84	4	73.8229
7.5969	6.4	9	0	0	0	4.7108	0	124	0.42	5	80.6458
10.0437	7.9	12.3	0	0	0	3.7577	0	185	2.1	6	79.5938
7.9302	2	11.4	0	0	0	3.6488	0	418	1.26	7	77.1875
8.7208	3.1	11.9	0	0	0	3.2403	0	201	2.1	8	80.4896
13.0781	10.5	14.6	0	0	0	6.0995	0	319	0.21	9	73.8854
11.5354	6.2	15.1	0	0	0	2.968	0	371	3.78	10	73.5521
8.5677	5.2	11.2	0	0	0	6.9436	0	427	1.68	11	69.5625
9.35	7.8	10.4	0	0	0	6.8619	0	314	0	12	70.4167
10.8083	8.7	12.2	0	0	0	4.2478	0	230	0	13	77.0417
7.4896	0.7	10.7	0	0	0	3.431	0	379	0.63	14	83.2083
0.8688	-1.3	4.6	0	0	0	1.0892	0	451	0	15	95.2292
3.3896	-0.3	5.3	0	0	0	0.5446	0	227	0	16	95.6875
9.4344	4.1	12.9	0	0	0	3.5671	0	272	1.05	17	79.0417
12.9625	10.6	14.7	0	0	0	10.5379	0	133	9.03	18	71.6354
13.3302	10.8	14.8	0	0	0	8.5774	0	101	4.2	19	78.3646
12.4167	8.6	13.5	0	0	0	6.4262	0	234	4.41	20	76.8958
7.3344	6.1	8.8	0	0	0	4.8741	0	386	6.51	21	70.2292
4.0146	1.2	6.8	0	0	0	0.8441	0	300	0	22	80.6563
-0.7323	-3.5	4.1	0	0	0	4.1117	0	175	0	23	75.9375
-5.3365	-9.4	-3.1	0	0	0	0.708	0	103	0	24	94.1667
-5.6979	-10.3	-1.1	0	0	0	1.4432	0	273	1.26	25	87.1771
-6.0521	-12	-2.2	0	0	0	2.6685	0	436	0.84	26	81.5313
-0.3563	-3.3	1.7	0	0	0	6.8619	0	279	6.09	27	85.625
3.1333	1.5	5.4	0	0	0	6.5624	0	283	6.3	28	78.5208
4.3021	3.5	5.5	0	0	0	5.8816	0	144	0	29	82.625
5.3229	2.9	8.5	0	0	0	1.9333	0	349	0	30	82.9479
4.3917	2.5	5.9	0	0	0	3.5399	0	160	0	31	80.2708
4.1479	2.5	5.8	0	0	0	3.7849	0	200	1.05	32	91.8542
5.5844	3.4	7.7	0	0	0	2.015	0	215	0.63	33	92.9063
5.2375	0.8	8.6	0	0	0	2.2328	0	631	0	34	83.1354
4.7938	-0.9	9.5	0	0	0	3.1859	0	772	0	35	80.1458
2.474	-2.6	7.4	0	0	0	2.3418	0	201	1.05	36	91.2396
3.0198	1.4	4.1	0	0	0	2.1239	0	213	0.63	37	89.9271
3.3125	1	4.9	0	0	0	2.0695	0	207	5.88	38	91.0208
4.9844	0.9	9.3	0	0	0	3.8394	0	309	6.09	39	83.5104
6.0271	2.6	9.1	0	0	0	3.1859	0	520	1.05	40	78.9479
6.0281	1.7	8.6	0	0	0	2.2328	0	359	2.94	41	84.5208
6.6437	2.5	10.4	0	0	0	3.8666	0	162	21.63	42	85.3646
7.9594	6	10.3	0	0	0	4.6291	0	207	13.23	43	83.9375
7.2667	4.8	8.4	0	0	0	6.0995	0	259	1.47	44	79.3229
5.1688	1.2	8.8	0	0	0	1.9061	0	363	8.82	45	86.8125
6.65	1.6	9.6	0	0	0	3.5943	0	922	0.21	46	79.0833
5.8177	-1.7	13.1	0	0	0	4.4385	0	1023	0	47	69.625
4.9865	0.1	11.4	0	0	0	2.6413	0	840	0	48	73.0625
3.1083	-2	10.8	0	0	0	2.015	0	896	0	49	86.7604
4.2458	1.7	8.4	0	0	0	1.8516	0	522	0	50	88.2813
2.0677	-1.4	9.1	0	0	0	1.5793	0	721	0	51	94.3854
4.4479	0.3	10.9	0	0	0	2.3145	0	750	0.84	52	90.8021
7.5563	1.8	14	0	0	0	2.015	0	1084	0	53	80.4688
7.8906	2	14.7	0	0	0	2.4507	0	848	0	54	76.3542
7.6958	2.1	13.1	0	0	0	3.0497	0	559	7.35	55	81.0625
9.1062	6.1	11.8	0	0	0	5.2281	0	589	4.41	56	69.625
6.6979	5.6	8	0	0	0	5.446	0	291	11.13	57	88.1563
6.7729	5.1	10.2	0	0	0	5.5821	0	419	1.89	58	79.375
10.0708	7.2	12.4	0	0	0	7.2159	0	528	9.24	59	78.6354
8.7406	7.3	10.2	0	0	0	7.0525	0	247	18.27	60	78.7083
6.4906	2.3	10	0	0	0	4.7108	0	618	1.47	61	73.6563
9.2802	4	12.9	0	0	0	7.0797	0	443	3.99	62	74.5313
9.0365	3	15.7	0	0	0	2.2328	0	1238	0	63	69.1563
8.3021	3	12.4	0	0	0	3.7577	0	772	1.47	64	74.5
8.6	1.6	16.2	0	0	0	2.5868	0	844	0	65	71.4
9.4	5.7	13.1	0	0	0	2.1876	0	917	6.41	66	84.4
6.9	1.3	11.5	0	0	0	1.7972	0	989	0	67	81.8
7.0281	2.3	12	0	0	0	2.8864	0	1061	7.14	68	75.1771
5.4875	0.2	11	0	0	0	2.4235	0	1292	1.26	69	77.3646
5.4833	-1	13.3	0	0	0	2.2056	0	1627	0	70	71.8646
6.201	-0.9	15.4	0	0	0	2.0695	0	1655	0	71	70.8125
7.0292	-0.3	15.8	0	0	0	2.0967	0	1584	0	72	74.2083
7.8385	1.4	15	0	0	0	2.3145	0	1337	0	73	78.6771
8.3375	1.4	16.2	0	0	0	3.077	0	1485	0	74	75.3646
7.5854	1.5	15.8	0	0	0	1.661	0	1474	0	75	74.5521
8.0563	3	9.4	0	0	0	5.8544	0	352	0	76	74.5313
8.5344	5.1	11.1	0	0	0	7.6788	0	487	10.92	77	74.4583
3.0979	-0.7	6	0	0	0	2.7774	0	710	3.15	78	84.0417
3.0737	-0.8	7	0	0	0	2.1239	0	850	0.21	79	75.7474
3.1521	0.4	6.3	0	0	0	2.2601	0	989	1.05	80	78.3125
1.1375	0	2.3	0	0	0	4.6018	0	221	10.5	81	94.3333
1.2823	0	3.4	0	0	0	3.2948	0	685	13.65	82	95.3021
1.7063	-0.8	3.8	0	0	0	1.9605	0	452	7.35	83	95.4896
6.0085	1.5	13.1	0	0	0	3.2403	0	1227	0	84	78.8617
9.3615	1.3	17.4	0	0	0	4.0845	0	2002	0	85	61.4271
7.7604	-0.5	15.9	0	0	0	2.6413	0	1763	0	86	66.9792
7.6219	0.8	15.5	0	0	0	2.0422	0	1866	0	87	65.875
8.3417	2.2	14.4	0	0	0	2.2873	0	1364	2.1	88	79.6354
9.1396	2.2	16.3	0	0	0	2.6957	0	1534	0	89	72.8854
5.3217	3.9	7.2	0	0	0	3.077	0	481	1.47	90	88.0109
8.476	2.1	17	0	0	0	1.8516	0	1616	0	91	78.8125
10.301	1.5	18.5	0	0	0	2.8319	0	2081	0	92	68.1771
9.6635	3.8	16.9	0	0	0	3.1042	0	1836	0	93	65.1354
6.5812	2.2	10.7	0	0	0	3.8666	0	731	0	94	67.2917
6.6729	-1.5	15.1	0	0	0	2.6141	0	2118	0	95	64.0625
10.8104	2.2	20.4	0	0	0	2.6141	0	2396	0	96	59.0833
10.5802	3.2	17.3	0	0	0	3.0225	0	2070	0	97	64.6354
9.176	0.6	17	0	0	0	2.8047	0	2418	0	98	61.8438
10.349	1	19.4	0	0	0	2.8591	0	2446	0	99	60.0104
11.224	3.9	18.9	0	0	0	2.5596	0	2335	0	100	63.5
12.7802	5.1	20.4	0	0	0	3.2948	0	2399	0	101	64.9792
14.599	5.5	24.2	0	0	0	3.077	0	2343	0	102	65.25
16.7729	7.9	25.2	0	0	0	3.5671	0	2300	0	103	62.75
17.4781	7.8	27.1	0	0	0	3.3765	0	2479	0	104	61.9271
16.9646	7.4	26.7	0	0	0	4.0028	0	2575	0	105	53.6979
16.8323	7.4	25.5	0	0	0	4.03	0	2627	0	106	50.8333
16.875	6.1	26.5	0	0	0	2.7774	0	2493	0	107	52.8646
10.8833	5.1	15.1	0	0	0	2.9408	0	2085	0	108	56.9375
10.3271	2	19.4	0	0	0	3.431	0	2612	0	109	56.6771
11.049	3.4	18.2	0	0	0	3.322	0	2565	0	110	60.7188
10.6677	1.5	20.5	0	0	0	3.1314	0	2621	0	111	64.7917
12.6125	3.2	23.6	0	0	0	2.4235	0	2393	0	112	61.8958
15.6188	5.4	25.5	0	0	0	2.3962	0	2556	0	113	56.3333
17.9792	11.9	26	0	0	0	2.0695	0	2176	0	114	60.0208
18.875	10.4	26.7	0	0	0	4.2478	0	2588	0	115	55.7813
17.526	9.7	24.9	0	0	0	3.2403	0	2674	0	116	52.1979
17.125	6.6	26.3	0	0	0	2.8319	0	2613	0	117	57.3542
17.1938	9	27	0	0	0	2.0967	0	2594	0	118	66.6771
17.4073	8.9	25.7	0	0	0	2.7774	0	2517	0	119	62.9792
14.6719	7.8	21.3	0	0	0	4.4657	0	2797	0	120	50.4896
13.2688	3.5	21	0	0	0	4.4112	0	2860	0	121	48.5417
14.149	6.7	21.3	0	0	0	5.0375	0	2915	0	122	35.5208
12.5979	4.8	20.9	0	0	0	2.2328	0	2410	0	123	60.6875
14.4781	6.6	21.5	0	0	0	3.322	0	2105	2.73	124	60.6771
13.5406	10.1	17.4	0	0	0	3.2676	0	963	0.42	125	78.7813
15.5042	6.5	24.4	0	0	0	1.9061	0	2801	0	126	61.6042
14.9167	12.7	16.7	0	0	0	5.2554	0	716	0	127	67.8438
14.3625	12.6	17.8	0	0	0	5.9089	0	1394	17.01	128	82.9896
13.2844	10.9	15.7	0	0	0	4.4112	0	403	21.21	129	86.8646
17.8115	13.8	24.7	0	0	0	4.4657	0	2384	0	130	58.9583
16.3594	9.5	21.5	0	0	0	5.7727	0	1637	0	131	57.7083
15.7854	9.9	20.9	0	0	0	5.6638	0	2444	0.42	132	60.1563
18.0115	9.4	25.5	0	0	0	2.6957	0	1869	0	133	65.2604
12.7573	9.9	18.8	0	0	0	2.3962	0	424	23.52	134	87.8854
10.2	7.9	14.8	0	0	0	2.8591	0	656	9.45	135	88.4479
10.901	5.3	17	0	0	0	3.3765	0	1793	10.92	136	82.0313
10.4646	6.3	12.9	0	0	0	2.2328	0	520	7.14	137	93.0417
12.401	4.5	20	0	0	0	2.2601	0	3067	0.21	138	78.1771
16.8313	7.3	25.7	0	0	0	2.4507	0	3140	0	139	72.3646
19.4458	10.8	27.3	0	0	0	3.8394	0	2915	0	140	63.625
20.9448	12.3	29.9	0	0	0	2.015	0	3062	0	141	64.875
20.1219	14	28.7	0	0	0	1.5793	0	2380	0	142	72.7708
19.6667	13.1	26.9	0	0	0	2.6141	0	2797	2.1	143	79.0833
20.4979	13.4	29.5	0	0	0	3.3765	0	2616	0.21	144	79.5313
22.6302	13.9	31.1	0	0	0	2.2873	0	3060	0	145	65.5938
21.1938	15	28.5	0	0	0	1.9061	0	2126	3.99	146	70.3854
15.5271	11.7	19.8	0	0	0	2.5868	0	1485	0.21	147	84.1146
10.4479	9	13	0	0	0	2.5596	0	607	19.95	148	92.6667
10.0229	9.2	10.9	0	0	0	4.8741	0	441	11.97	149	89.1458
12.3708	3.2	20.1	0	0	0	1.3343	0	2861	0	150	67.2813
14.3583	7.2	21.7	0	0	0	1.4159	0	2262	0	151	73
13.3948	11.3	15.8	0	0	0	2.1784	0	994	9.87	152	89.8125
15.774	11.8	22	0	0	0	1.0892	0	1509	0.63	153	86.3229
17.526	10.2	24.5	0	0	0	1.8516	0	2660	0	154	77.7708
18.7229	12.5	25.3	0	0	0	1.7155	0	2205	0	155	78.5729
18.849	12.3	25.9	0	0	0	2.1512	0	2867	0	156	77.0833
19.6646	11.4	27.3	0	0	0	2.2056	0	2713	8.82	157	75.5313
21.5125	14.4	28.9	0	0	0	2.2873	0	3102	0.21	158	75.3958
21.8542	13.9	29.5	0	0	0	1.2798	0	3108	0	159	70.8333
20.4396	15.7	25.9	0	0	0	1.7427	0	2120	0	160	80.1563
20.9167	13.1	29.1	0	0	0	0.8714	0	2996	0	161	73.7292
20.049	14.9	26.8	0	0	0	1.1709	0	2731	5.67	162	78.9375
19.6333	13.8	24.9	0	0	0	2.5596	0	2554	0	163	76.5938
20.3677	13.2	26.7	0	0	0	0.9803	0	3084	0	164	70.1979
21.1073	13.6	29.3	0	0	0	0.9803	0	2463	1.47	165	74.5
17.1417	11.8	21.2	0	0	0	1.5793	0	929	9.03	166	88.7396
16.0354	10.9	22.2	0	0	0	1.7699	0	2440	6.72	167	77.1563
18.9781	11.7	26.6	0	0	0	1.5793	0	3007	3.78	168	71.9896
20.001	14.9	26.6	0	0	0	1.5521	0	2690	6.3	169	75.9271
22.3042	13.3	30.3	0	0	0	1.2798	0	3320	1.05	170	69.5104
23.126	18.1	28.8	0	0	0	1.4159	0	2670	0	171	72.6875
18.3052	14.2	21.2	0	0	0	1.8516	0	913	15.75	172	86.7188
15.226	11.3	20.3	0	0	0	1.2798	0	1598	7.98	173	84.9583
15.6406	11.3	19.5	0	0	0	2.6413	0	1714	7.98	174	81.2604
18.3729	12	26.3	0	0	0	0.7352	0	2548	0	175	75.2604
17.3458	12.7	25	0	0	0	1.6338	0	1677	8.61	176	82.4896
14.2063	11.6	16.5	0	0	0	4.0572	0	1232	3.36	177	75.7188
13.2927	10.4	17.2	0	0	0	2.4507	0	1685	5.04	178	77.2188
14.2188	10.9	17.9	0	0	0	2.5868	0	1729	2.94	179	74.7813
15.0302	9.4	20.2	0	0	0	1.307	0	1640	1.05	180	78.0938
17.1125	13.7	23	0	0	0	1.3343	0	1687	1.26	181	76.4896
18.3687	12.6	24.4	0	0	0	0.8169	0	1722	0.63	182	80.0521
17.1594	13.9	22.1	0	0	0	1.6066	0	1813	15.1	183	81.9583
15.6656	13.3	17.9	0	0	0	1.4159	0	1174	6.14	184	80.6042
14.249	11.6	18.1	0	0	0	3.4854	0	2024	10.86	185	81.1042
13.2615	11.8	15.1	0	0	0	3.1587	0	636	9.68	186	88.0208
16.7958	12.9	22.4	0	0	0	3.6488	0	2137	0.71	187	71.8958
16.4792	9.6	22.4	0	0	0	1.6066	0	2418	0	188	71.5833
18.1281	12.4	23.8	0	0	0	0.6263	0	1730	11.56	189	76.8958
16.5813	12.1	20.9	0	0	0	2.5051	0	1928	14.87	190	75.8854
13.699	8.4	17.5	0	0	0	2.723	0	2477	5.43	191	77.8542
13.3531	6.7	19.1	0	0	0	1.5249	0	1815	0.47	192	80
16.9198	12.4	22.2	0	0	0	2.1512	0	2057	0.47	193	74.0938
20.5406	14.5	27.8	0	0	0	0.8441	0	2863	0.94	194	73.6146
23.1604	14	31.7	0	0	0	1.1164	0	3119	0	195	66.9583
25.4115	16.3	35.1	0	0	0	0.7624	0	3133	0	196	62.0729
25.2469	16.7	33.8	0	0	0	0.7897	0	2953	0	197	61.5313
21.5896	17.2	25	0	0	0	0.8441	0	1362	0	198	69.4792
21.1719	16.9	28.6	0	0	0	0.5718	0	2275	6.84	199	81.1563
19.9552	15.8	26.3	0	0	0	0.7352	0	1552	3.78	200	83.6667
21.6313	16.6	28.2	0	0	0	1.6066	0	2072	1.65	201	76.5833
18.4458	15.6	21.4	0	0	0	0.2995	0	804	1.89	202	81.6979
17.9104	13.1	23.8	0	0	0	1.1709	0	2187	1.18	203	73.8542
17.6115	11.7	26.3	0	0	0	0.8441	0	1247	8.5	204	80.4271
16.4615	11.7	21.1	0	0	0	1.9061	0	1454	1.89	205	80.8542
17.7937	11	24.8	0	0	0	0.953	0	2874	0	206	71.6667
20.1135	10.7	28.6	0	0	0	1.0347	0	2980	0	207	66.3542
19.3781	14	21.7	0	0	0	1.3343	0	859	0	208	71.4792
18.9771	13.9	23.1	0	0	0	1.7427	0	1472	0	209	78.4688
17.2583	14.4	20.5	0	0	0	1.3887	0	747	15.81	210	87.1875
14.9958	8.7	20.1	0	0	0	1.1709	0	2690	0.24	211	70.2604
14.2854	8.1	19.9	0	0	0	0.8169	0	2804	0	212	68.4271
16.8271	7.4	25.3	0	0	0	2.369	0	3005	0	213	59.6979
18.4698	11.7	24.7	0	0	0	1.4704	0	1888	23.36	214	75.8021
17.7198	13.8	22.8	0	0	0	0.7624	0	1665	0.24	215	81.1667
18.6125	11.3	26.7	0	0	0	0.5718	0	2782	0	216	73.6146
21.4135	12.7	29.3	0	0	0	2.2873	0	2939	0	217	58.2396
22.3	11.8	31.7	0	0	0	0.7352	0	2788	0	218	62.0313
18.1417	16.7	20.8	0	0	0	0.5174	0	264	21.24	219	92.1354
15.5906	13.9	16.9	0	0	0	0.8714	0	329	21.71	220	93.3854
13.8333	12.9	15.1	0	0	0	0.9803	0	568	34.93	221	93.6563
14.2792	12.6	15.8	0	0	0	0.8441	0	557	6.14	222	90.9479
17.9292	14.8	24	0	0	0	0.4629	0	1441	1.18	223	87.2292
18.949	12.4	26.6	0	0	0	0.3268	0	2516	0.24	224	79.5521
18.9854	13.5	24.7	0	0	0	0.5991	0	2152	18.88	225	82.2188
20.3052	13.1	27.4	0	0	0	0.4901	0	2374	0	226	76.3958
22.6031	16.2	30.7	0	0	0	0.2451	0	1975	0	227	77.9271
18.0417	11.6	22	0	0	0	1.5249	0	1630	8.73	228	82.2604
15.2365	9.9	21	0	0	0	0.9258	0	2032	0	229	77.4479
16.299	10.5	23.2	0	0	0	0.4629	0	1992	0	230	76.0208
16.9573	10.7	24.8	0	0	0	0.5446	0	2017	0	231	78.2292
16.1062	12.1	21.1	0	0	0	0.7897	0	1814	0.47	232	78.5417
15.9927	12.6	21.9	0	0	0	0.2451	0	1218	0.24	233	81.75
17.149	12.8	22.9	0	0	0	0.7624	0	2033	0	234	76.8229
18.4531	12.5	25.7	0	0	0	0.7352	0	2378	0	235	72.75
18.7125	10.8	27.5	0	0	0	0.2723	0	2306	0	236	75.3854
20.2417	12.7	29.2	0	0	0	0.2451	0	2433	0	237	74.7813
20.0052	13.7	28.3	0	0	0	0.4629	0	2439	0	238	76.5104
18.6177	13.1	26.4	0	0	0	0.4084	0	2040	0	239	78.3438
15.7406	10.3	22	0	0	0	0.9258	0	1989	0	240	74.8542
15.6854	12.3	20.2	0	0	0	0.6807	0	1054	0	241	73.7813
13.8969	7.4	21.8	0	0	0	0.6807	0	2296	0	242	73.9167
15.2635	8.1	21.1	0	0	0	0.8714	0	1417	0	243	75.0208
16.551	13.6	20.5	0	0	0	1.307	0	1245	0.24	244	74.125
15.7969	10.5	21.1	0	0	0	0.6263	0	1310	0	245	81.7708
14.1125	11.3	16.9	0	0	0	1.0347	0	356	22.2	246	89.5
11.1031	5.4	16.6	0	0	0	0.4629	0	1466	0.49	247	82.6354
9.8927	3.6	17.8	0	0	0	0.4629	0	1599	0	248	79.1667
9.5313	4.9	12.5	0	0	0	0.9258	0	515	1.95	249	92.2708
12.8719	11.1	15.8	0	0	0	0.4629	0	565	0.24	250	93.3958
14.3406	10.5	19	0	0	0	0.1361	0	1027	0	251	84.7604
14.4333	8	19.2	0	0	0	0.4357	0	991	0.49	252	81.6354
11.3583	5.3	16.3	0	0	0	1.5249	0	752	5.37	253	85.6563
12.599	10.4	16	0	0	0	1.062	0	706	0	254	86.3646
13.5625	8.4	19.8	0	0	0	0.4629	0	1471	0	255	82.7708
13.4677	6.9	21.3	0	0	0	1.1709	0	2014	0	256	78.4688
14.8677	6.6	23.3	0	0	0	0.7352	0	1833	0	257	79.1563
16.0094	10.7	21.1	0	0	0	0.5718	0	1728	0	258	72.0313
14.4885	6.1	23.4	0	0	0	0.6263	0	1944	0	259	80.1667
16.224	9.4	24.1	0	0	0	0.4901	0	1279	10.49	260	84.875
12.5	6.2	15.5	0	0	0	1.2798	0	796	19.28	261	87.7708
9.5406	5	15.8	0	0	0	0.4901	0	1478	0.24	262	81.3542
10.0625	2.7	18.6	0	0	0	0.5991	0	1842	0	263	78.6354
12.5708	4.9	22.1	0	0	0	0.1361	0	1692	0	264	80.1354
14.6156	7.3	24.6	0	0	0	0.1361	0	1716	0	265	79.8125
15.7969	9.2	25.4	0	0	0	0.1634	0	1744	0	266	80.8438
16.2677	10.3	24.6	0	0	0	0.5718	0	1552	0.49	267	82.9688
13.149	7.9	17.5	0	0	0	1.661	0	1541	5.86	268	79.8438
10.1635	4.9	16.9	0	0	0	0.354	0	1367	0	269	81.6042
9.8781	7.3	12.8	0	0	0	0.1906	0	397	0	270	93.8021
9.9583	4.5	14.4	0	0	0	0.953	0	972	0	271	87.0833
13.376	7.5	18.2	0	0	0	3.2676	0	1602	0	272	72.2083
11.6125	4.9	21	0	0	0	0.4629	0	1587	0	273	81.3646
14.1052	7.2	22.9	0	0	0	0.2723	0	1391	0.24	274	85.5208
16.1229	12.1	22	0	0	0	0.0817	0	896	0.25	275	90.4063
17.1062	14.2	21.8	0	0	0	0.2178	0	844	0.25	276	91.0833
17.7698	14.2	24.2	0	0	0	0.5174	0	1420	0.98	277	85.25
15.5865	11.2	19.1	0	0	0	0.6535	0	587	5.17	278	84.875
11.6281	7.1	17.4	0	0	0	2.0422	0	1442	7.13	279	80.8958
10.3177	4.1	18	0	0	0	1.1981	0	1377	0	280	81.3438
9.3812	3.3	18.2	0	0	0	0.2178	0	1327	0.25	281	86.5104
9.7281	3.3	17.8	0	0	0	0.2178	0	1256	0	282	85.6146
10.8698	6.9	17.5	0	0	0	0.6535	0	1153	0	283	85.1563
9.3531	3.8	16.6	0	0	0	1.307	0	1228	0	284	81.9375
9.0573	3.9	14.5	0	0	0	0.2723	0	645	0	285	89.4583
10.6167	5	16.5	0	0	0	0.9803	0	1033	0	286	85.3854
8.5615	2	18	0	0	0	0.953	0	1264	0	287	79.9688
10.1583	3.1	20.4	0	0	0	0.3268	0	1231	0	288	84.7188
11.6313	5.4	20.9	0	0	0	0.2178	0	1163	0	289	87.0938
12.2438	5.8	19.5	0	0	0	1.1709	0	656	0	290	85.7083
8.3021	4.2	12.9	0	0	0	1.1437	0	732	0	291	87.6354
5.3927	1.6	9.2	0	0	0	0.5446	0	484	0	292	90.5833
3.0677	-1.3	8.9	0	0	0	0.6807	0	948	0.74	293	86.1042
3.2521	-0.3	5.7	0	0	0	0.1089	0	302	0	294	91.0938
3.7594	-1.1	7.8	0	0	0	1.1164	0	591	0.25	295	82.6354
4.8646	1.8	7.6	0	0	0	2.1784	0	394	0	296	76.8958
6.1948	4	8.2	0	0	0	2.2601	0	283	0	297	77.4896
7.9437	6.5	9.4	0	0	0	1.5793	0	240	0	298	81.3125
8.3052	6.9	9.6	0	0	0	1.1981	0	183	0	299	80.6875
8.1854	6.5	10.7	0	0	0	0.1906	0	277	0	300	83.8438
7.082	3.2	10.8	0	0	0	0.1634	0	479	0	301	87.1236
6.2302	2.1	11.8	0	0	0	0.5174	0	681	0	302	89.4375
8.0885	2.9	10.9	0	0	0	1.2253	0	343	0	303	91.7292
3.8823	0.4	8.9	0	0	0	1.2798	0	749	0	304	93.4063
3.6969	-0.1	10.4	0	0	0	1.8244	0	789	0	305	91.1563
6.2219	-0.3	12.5	0	0	0	0.8714	0	616	0	306	87
10.0563	6	13.8	0	0	0	0.3812	0	532	0	307	87.3229
9.3677	5.9	12.2	0	0	0	0.4357	0	485	0.24	308	81
5.5656	0.9	12.1	0	0	0	0.3268	0	847	0	309	81.4375
7.4729	4.5	10.8	0	0	0	4.3568	0	491	0	310	79.1042
6.7135	5.8	7.9	0	0	0	5.1464	0	141	1.07	311	83.4479
8.8427	7.5	10.4	0	0	0	4.6563	0	191	1.19	312	83.9792
5.3406	3.7	9.3	0	0	0	6.1812	0	191	8.09	313	80.75
4.7042	1.6	7.4	0	0	0	6.6713	0	92	5	314	85.2396
8.1844	4.8	9.5	0	0	0	6.3445	0	78	7.14	315	89.2188
4.25	2	6.7	0	0	0	3.4854	0	462	0	316	80.7396
3.4167	2.1	5.6	0	0	0	3.9483	0	185	4.28	317	84.4167
2.1323	0.1	3.8	0	0	0	1.7972	0	115	5.24	318	88.7708
0.5375	-1.8	3.4	0	0	0	0.7352	0	284	0.12	319	87.0208
-0.7167	-2.7	2.8	0	0	0	0.5174	0	436	0	320	89.4896
0.8073	-2.1	3.2	0	0	0	0.7352	0	273	0	321	87.1563
1.6823	-2.5	6	0	0	0	1.7972	0	620	0	322	85.8125
0.0115	-4.2	3.6	0	0	0	0.8714	0	207	0	323	89.0938
2.6521	-1.3	7.7	0	0	0	1.4432	0	352	0	324	85.125
4.2073	2.8	5.5	0	0	0	0.6807	0	132	2.5	325	89.3542
6.5396	4.4	9.8	0	0	0	0.4629	0	162	1.9	326	96.7396
7.1615	5.9	7.6	0	0	0	0.1089	0	111	23.44	327	97.3125
3.0469	-1.8	6.3	0	0	0	0.8169	0	440	0	328	89.0938
3.2531	-0.6	5	0	0	0	4.7108	0	65	1.43	329	88.3229
3.951	2.1	5.5	0	0	0	4.0572	0	311	2.97	330	83.1667
3.326	-1.5	5.8	0	0	0	1.6338	0	225	0	331	86.8958
0.3453	-3.2	6.8	0	0	0	0.7624	0	516	0	332	86.25
-0.8104	-4.7	4.3	0	0	0	1.4159	0	320	0	333	93.1146
5.9427	4.1	8	0	0	0	2.4507	0	206	1.87	334	88.8542
7.5823	3.4	10.1	0	0	0	2.7502	0	129	2.2	335	81.4375
9.2646	7.5	11.3	0	0	0	7.1614	0	207	14.08	336	72.5417
7.5938	5.3	9.6	0	0	0	6.399	0	169	12.76	337	74.0417
6.1833	4.6	7.3	0	0	0	3.4037	0	238	2.53	338	80.5729
9.4656	7	12.2	0	0	0	1.9878	0	259	0.99	339	76.3438
9.8573	8.2	11.3	0	0	0	5.3098	0	258	1.1	340	77.0313
9.9646	5.6	13.5	0	0	0	6.5352	0	140	11.99	341	81.2917
6.0375	4.7	7.7	0	0	0	2.6957	0	322	0.33	342	76.875
7.9073	5.1	9.9	0	0	0	3.2948	0	209	6.27	343	78.0833
6.6771	5.5	8.4	0	0	0	4.1662	0	154	5.94	344	81.9271
4.6417	3.5	5.6	0	0	0	2.5324	0	52	4.62	345	89.8542
4.225	3.6	5.2	0	0	0	0.3812	0	138	0.11	346	88.6146
3.8719	-0.1	6.3	0	0	0	1.2526	0	276	0	347	83.6667
-0.1969	-2.8	1.5	0	0	0	1.7972	0	237	0	348	77.3646
-1.0781	-4	1.5	0	0	0	2.6413	0	419	0	349	72.0104
-2.0073	-6.5	1.2	0	0	0	2.3418	0	337	0	350	79.3021
-0.7323	-5.2	1	0	0	0	4.3568	0	197	0	351	68.7604
-3.9573	-6.6	0.2	0	0	0	1.7699	0	402	0	352	85.3229
-5.0448	-7.7	0.1	0	0	0	0.0272	0	366	0	353	92.7813
-6.2479	-9.3	-1.7	0	0	0	0.0545	0	230	0	354	95.9167
-6.9573	-9.2	-5.3	0	0	0	0.0545	0	142	0	355	96.25
-6.5812	-8.2	-5.1	0	0	0	0.1089	0	170	0	356	96.4688
-5.4906	-6.7	-4.3	0	0	0	0.1361	0	121	0	357	97.0625
-6.1208	-9.3	-4.9	0	0	0	0.0817	0	142	0	358	96.5938
-6.2677	-9	-4.2	0	0	0	0.4084	0	230	0	359	94.7708
-3.2323	-7.1	0.2	0	0	0	0.4084	0	80	0.55	360	96.0313
-0.7896	-1.6	0.2	0	0	0	0.4357	0	183	0	361	97.5208
-1.4156	-3.9	-0.2	0	0	0	0.3812	0	130	0	362	97.0208
-1.425	-6.7	5.6	0	0	0	0.1361	0	199	1.87	363	96.1771
4.1115	3	4.8	0	0	0	2.5868	0	118	0	364	88.875
2.7437	1	3.8	0	0	0	1.1709	0	140	0.84	365	88.7813
