Tp_av	Tpmin	Tpmax	T_s10	T_s20	vappd	wind	sundu	radia	prec	tagesnummer	RF
C_deg	C_deg	C_deg	C_deg	C_deg	mm_Hg	m/se	hours	J/cmı	mm	jday	%
50	-----	-----	-----	-----	-----	2m	-----	------	--	0	0
4.6917	1.4	8.3	0	0	0	0.9946	0	246.33	2.44	1	82.8646
3.2	1.1	5.3	0	0	0	0.6355	0	165.78	0	2	88.6354
2.4885	1	4	0	0	0	0.2293	0	86.58	0.49	3	90.4479
0.2781	-1.7	2.4	0	0	0	1.9948	0	164.88	0	4	88.8021
1.3438	-0.1	3	0	0	0	2.5059	0	113.58	0	5	77.0729
0.376	-4.2	3.2	0	0	0	1.561	0	391.41	0	6	77.1667
-1.7448	-4.8	1.3	0	0	0	1.0195	0	307.26	0	7	86.2292
-3.1375	-5.9	0.2	0	0	0	0.3067	0	305.1	0	8	89.1354
-4.6292	-7.8	-2.3	0	0	0	0.2431	0	205.56	0	9	93.5313
-3.5812	-5	-2.5	0	0	0	0.6133	0	98.37	0	10	91.7708
-3.1958	-4.8	0	0	0	0	0.6189	0	254.7	0	11	91.4583
0.5823	-1.4	2.2	0	0	0	1.1411	0	167.49	3.9	12	92.5
-2.025	-6.1	0.4	0	0	0	1.1217	0	242.64	0	13	86.4375
-5.3729	-7.6	-3	0	0	0	0.116	0	144.09	0	14	93.8438
-6.5042	-8.1	-4.8	0	0	0	0.2597	0	100.8	0	15	92.0417
-5.7448	-7.4	-4	0	0	0	0.0332	0	140.4	0	16	93.6458
1.1604	-5.5	5.3	0	0	0	1.5278	0	80.46	12.93	17	92.7917
3.8542	-0.1	5.6	0	0	0	1.8649	0	115.02	0.49	18	89.3229
1.9604	-1	3.3	0	0	0	0.6382	0	139.14	0	19	94.625
3.9375	1.1	7	0	0	0	1.9892	0	201.42	1.95	20	85.1563
4.9677	3.7	6.4	0	0	0	2.5252	0	121.23	0	21	77.9688
1.6219	-2	4.2	0	0	0	1.713	0	98.82	2.44	22	84.3542
-3.774	-7	-0.8	0	0	0	3.2298	0	496.8	0	23	67.5833
-4.0083	-7.9	1.1	0	0	0	2.5639	0	539.82	0	24	62.9688
-3.1198	-8	1.1	0	0	0	1.0968	0	293.85	0	25	80.5833
-1.7458	-5.7	-0.6	0	0	0	2.2876	0	122.22	0	26	91.7708
-7.1792	-9.4	-5.3	0	0	0	2.6938	0	380.79	0	27	76.75
-3.7854	-9.5	0.7	0	0	0	3.1027	0	498.6	0	28	70.375
-1.4208	-7.2	3.5	0	0	0	2.8098	0	581.94	0	29	59.4792
-1.9198	-6.8	3.4	0	0	0	3.0115	0	594.27	0	30	62.2083
-2.9104	-5.9	1.1	0	0	0	2.6634	0	589.14	0	31	84.5417
-4.7635	-10	-3.1	0	0	0	0.5028	0	204.39	0	32	94.1979
-5.2531	-7.2	-3.3	0	0	0	0.3896	0	224.19	0	33	93.8333
-6.1896	-7	-5	0	0	0	1.0416	0	164.07	0	34	93.0938
-3.1146	-7	-0.7	0	0	0	1.6605	0	376.2	0	35	79.9896
-1.2375	-7.8	2.4	0	0	0	0.7625	0	498.87	0	36	80.0104
1.0802	-0.8	2.7	0	0	0	0.7791	0	246.6	0	37	79.9167
3.0063	1.8	4.3	0	0	0	3.2325	0	130.23	0.25	38	83.8333
3.2708	1.7	4.3	0	0	0	3.3568	0	85.41	6.89	39	83.6667
2.1615	1	3.9	0	0	0	3.4591	0	309.42	1.48	40	79.5
1.4583	0	2.1	0	0	0	2.6275	0	81.36	0.49	41	83.0313
0.5625	-2.3	5.1	0	0	0	0.3978	0	473.85	0	42	83.2604
-0.8042	-3.9	3.8	0	0	0	0.0497	0	434.79	0	43	80.5208
-1.1417	-6.2	4.7	0	0	0	0.1409	0	760.41	0	44	80.0625
2.0625	-0.7	5.7	0	0	0	0.2542	0	321.39	0	45	85.6979
5.6	0.5	7.7	0	0	0	2.4866	0	163.62	9.1	46	84.3333
7.8094	5.2	10.9	0	0	0	2.4092	0	430.65	19.93	47	84.4896
6.5198	3.4	8.8	0	0	0	3.7851	0	529.47	6.15	48	74.3021
6.9208	3.3	11.1	0	0	0	3.006	0	467.91	7.13	49	73.6042
6.6885	-0.1	11.5	0	0	0	2.0583	0	487.35	0	50	69.9167
5.8375	2.2	9.3	0	0	0	0.5885	0	435.96	8.61	51	83.7083
5.2115	1.1	9.3	0	0	0	1.3372	0	546.57	0	52	86.5313
3.5156	2.2	5.1	0	0	0	2.9341	0	204.39	0	53	74.375
1.449	0.4	2.8	0	0	0	2.2268	0	129.42	0	54	75.0625
3	0.9	6.5	0	0	0	3.716	0	266.31	0	55	65.9688
1.3729	-0.6	3.1	0	0	0	2.586	0	334.89	0	56	61.4063
-1.4833	-3.2	2	0	0	0	2.9783	0	249.93	0	57	79.0208
-0.4437	-5.8	4.2	0	0	0	0.2846	0	933.03	0	58	68.1979
0.7104	-0.9	2.7	0	0	0	3.274	0	522.09	0.74	59	76.2292
0.4604	-1.2	2.2	0	0	0	3.1828	0	361.26	0.24	60	70.8125
-0.724	-3.5	1.7	0	0	0	2.155	0	641.43	1.43	61	82.4063
0.5563	-4.7	7.8	0	0	0	1.2156	0	228.87	14.28	62	89.8958
-0.5073	-2.9	1	0	0	0	0.3122	0	175.41	3.57	63	93.3854
-0.2729	-6.1	3.4	0	0	0	1.4394	0	868.86	4.28	64	82.8229
0.8865	-1.8	3.8	0	0	0	2.3263	0	683.1	0	65	80.3021
1.4333	-2.5	4.7	0	0	0	2.144	0	969.66	0	66	71.6042
1.125	-3	8.8	0	0	0	0.7045	0	260.19	9.76	67	86.8854
8.6969	7.2	10	0	0	0	3.821	0	269.82	13.09	68	84.7396
5.5604	1.3	8.4	0	0	0	3.1413	0	617.76	5.95	69	79.1563
2.5781	-2.4	4.9	0	0	0	2.528	0	220.14	3.33	70	85.1875
-2.5812	-5.3	0.7	0	0	0	2.8209	0	759.96	0	71	72.2604
-2.0552	-5.9	1.9	0	0	0	2.3788	0	945.09	0	72	68.9063
-0.4229	-5.5	4.8	0	0	0	2.376	0	1243.44	0	73	63.0521
0.7979	-2.2	4.5	0	0	0	2.7242	0	949.59	0	74	69.2292
1.4573	0	3.4	0	0	0	2.6109	0	518.85	0	75	65.6667
2.6594	-0.9	6.5	0	0	0	2.3208	0	926.55	0	76	65.3125
4.1292	0.9	9.1	0	0	0	3.6663	0	1184.85	0	77	64.7708
4.2729	-1.6	11.9	0	0	0	1.9561	0	1346.67	0	78	67.7604
4.426	-3.8	15.2	0	0	0	0.315	0	1389.42	0	79	67.2708
3.6281	0.1	6.8	0	0	0	1.7793	0	422.73	11.19	80	85.4271
3.5365	1.2	5.5	0	0	0	1.934	0	342.72	1.9	81	83.7396
4.7687	1.4	9.5	0	0	0	2.9314	0	1209.87	0	82	66.0729
5.2771	-0.1	12.2	0	0	0	0.3371	0	557.46	2.38	83	84.8021
12.1583	8.7	15.4	0	0	0	2.8291	0	606.15	4.76	84	77.4479
13.8396	11.1	18.9	0	0	0	2.4534	0	479.07	1.43	85	78.3958
13.4583	6.3	19.6	0	0	0	1.8428	0	950.04	3.81	86	75.8958
11.0729	7.7	13.7	0	0	0	2.6855	0	639.9	0	87	72.9167
9.2885	6	13.3	0	0	0	2.9424	0	846.81	0	88	72.7708
11.0469	5.9	15.5	0	0	0	3.0446	0	463.77	0	89	77.5
13.599	9.3	16.4	0	0	0	3.8403	0	838.44	0	90	63.4583
13.0833	7.4	18	0	0	0	2.0058	0	1218.15	0	91	62.1979
11.2708	8.4	15.5	0	0	0	2.108	0	673.56	4.4	92	75.0625
8.6469	5.7	12.9	0	0	0	2.7186	0	916.47	11.66	93	77.1354
7.3402	3	12.3	0	0	0	1.5827	0	1240.11	0	94	69.587
4.3052	1.5	6.6	0	0	0	1.8207	0	419.04	1.76	95	76.0104
4.5167	-2.8	11.4	0	0	0	0.5747	0	1630.17	0	96	65.4792
5.8042	-2.3	14.2	0	0	0	0.5719	0	1744.29	0	97	61.5313
9.25	0	17.1	0	0	0	1.7986	0	1663.47	0	98	52.8542
9.6406	7.4	12.3	0	0	0	1.4173	0	816.03	0	99	62.1354
5.7219	4	7.9	0	0	0	2.0528	0	390.06	6.6	100	84.5104
6.2323	0.8	11.1	0	0	0	1.4256	0	1508.22	0	101	61.1771
6.3229	4.4	8.9	0	0	0	2.4838	0	518.31	0.88	102	75.5417
7.9469	5.3	10.4	0	0	0	3.0308	0	410.94	0.22	103	77.5208
10.6271	6.3	13.2	0	0	0	3.0778	0	564.75	1.54	104	79.3333
10.1625	2.3	16.8	0	0	0	1.0444	0	825.12	1.1	105	79.1563
12.4042	8.7	14	0	0	0	3.4066	0	450.18	1.32	106	73.5
11.9208	9.4	15.6	0	0	0	1.5389	0	887.94	0.88	107	74.3021
11.6844	5.9	16.6	0	0	0	1.293	0	1511.01	0	108	65.9688
11.0635	1.9	18.6	0	0	0	0.7266	0	1804.32	0	109	61.4167
12.476	3.8	21.2	0	0	0	0.4669	0	1759.41	0	110	60.6667
14.4	4.5	24.4	0	0	0	0.6023	0	1853.1	0	111	59.7396
14.0417	7.6	20.7	0	0	0	0.8592	0	1281.96	1.76	112	68.3125
12.3802	4.7	20	0	0	0	1.1466	0	1782.9	0.22	113	58.2396
13.9427	2.5	23.3	0	0	0	1.2543	0	1896.3	0	114	54.1146
16.0667	11.1	22.2	0	0	0	1.1604	0	1610.73	0.22	115	66.4375
13.9833	9.9	17.8	0	0	0	1.025	0	687.42	6.38	116	82.9688
13.2052	11.9	15.8	0	0	0	1.5969	0	266.67	0.44	117	85.5833
13.45	9.8	17.5	0	0	0	2.4506	0	1788.57	1.1	118	59.8542
8.5458	4.8	12.6	0	0	0	2.633	0	1324.62	0.22	119	51.2083
7.9859	0.6	14.2	0	0	0	1.4284	0	1687.23	0	120	57.1304
10.8531	2.4	16.8	0	0	0	0.9283	0	1184.67	0.21	121	63.4479
14.8479	6	23.4	0	0	0	0.583	0	2068.56	0.63	122	61.7917
17.2656	6.6	26.9	0	0	0	0.7819	0	1890.9	0	123	56.0833
19.8833	12.9	27.1	0	0	0	2.5584	0	1970.28	0	124	46.2188
18.6687	12.5	23.6	0	0	0	1.9008	0	1954.35	0	125	44.3333
17.1104	9.1	24.5	0	0	0	1.8787	0	1985.04	0	126	48.3333
17.1635	6.7	24.5	0	0	0	2.6551	0	1934.01	0	127	42.6563
15.875	10	22.6	0	0	0	1.8152	0	1499.31	0	128	56.2708
11.4958	9.3	13.8	0	0	0	2.97	0	908.64	0	129	78.3438
13.4375	5.5	21.3	0	0	0	0.909	0	1716.48	0	130	70.0833
15.9781	5.1	24.9	0	0	0	0.8289	0	2156.94	0	131	57.875
17.0708	5.9	25.9	0	0	0	1.3041	0	2004.84	0	132	54.625
16.6844	12.7	22.4	0	0	0	2.8209	0	1506.51	1.05	133	67.7917
16.3948	12.2	21.8	0	0	0	1.9671	0	1724.76	0.21	134	65.9583
16.9	8.7	24.2	0	0	0	0.8813	0	1596.51	0	135	64.6563
18.2865	15.3	22.6	0	0	0	1.7019	0	1021.41	0.84	136	72.0417
18.2854	14	23.5	0	0	0	1.7765	0	1908	6.09	137	71.4063
17.05	14.6	19.7	0	0	0	1.9837	0	591.75	4.62	138	80.4479
15.5896	12.8	19.3	0	0	0	3.5889	0	1246.86	0	139	62.7917
13.8458	10.3	18.5	0	0	0	3.1165	0	790.11	2.52	140	66.5208
15.7052	12.7	19.8	0	0	0	2.7518	0	1626.66	0.84	141	61.2708
14.0844	8.4	23	0	0	0	1.6494	0	1219.32	6.93	142	76.8854
14.425	10.9	17.7	0	0	0	3.4591	0	1987.92	0	143	54.2396
12.8208	4.1	18.7	0	0	0	1.9892	0	2027.16	0	144	56.7813
12.4646	11	15	0	0	0	2.8789	0	714.24	3.15	145	66.7708
14.9021	11.8	18.7	0	0	0	2.6496	0	460.71	5.04	146	85.2604
18.2979	14.8	21.9	0	0	0	3.1165	0	1058.85	0.42	147	74.75
18.101	15	21.3	0	0	0	3.1082	0	1619.28	2.1	148	62.5938
11.8656	9	15.3	0	0	0	1.5859	0	917.55	2.1	149	77.7292
9.0188	5.7	14.1	0	0	0	2.0113	0	1223.01	6.09	150	77.2396
9.3927	6.2	13.6	0	0	0	1.3952	0	1062.09	1.47	151	74.0833
9.576	7.9	12.6	0	0	0	1.6052	0	795.96	3.78	152	76.625
10.9969	7.1	16.7	0	0	0	1.1714	0	1532.34	0.42	153	71.1042
11.7552	2.7	19.8	0	0	0	0.6161	0	1534.32	0.63	154	70.8333
12.9927	9.4	16.9	0	0	0	1.4892	0	1701.45	1.47	155	71.2708
12.5719	7.9	17.9	0	0	0	0.5912	0	1261.08	1.26	156	71.6667
12.7531	5.8	19.1	0	0	0	0.9532	0	1854.36	0	157	63.0625
13.9823	4.1	21.7	0	0	0	0.8869	0	2321.1	0	158	58.6979
15.8094	6.1	23.2	0	0	0	1.2847	0	2431.8	0	159	53.7708
17.3271	6.9	25.7	0	0	0	1.4173	0	2402.64	0	160	52.4271
19.5323	9.1	27.5	0	0	0	1.2405	0	2359.71	0	161	53.1667
20.6146	12	26.9	0	0	0	2.2959	0	2512.8	0	162	48.5833
22.3823	12.8	30.5	0	0	0	1.5831	0	2518.92	0	163	42.5417
22.9781	12.4	33	0	0	0	0.5111	0	2443.05	0	164	52.2813
24.3687	13.5	33.6	0	0	0	0.6658	0	2329.29	0	165	54.3854
23.7344	15.6	31.3	0	0	0	0.978	0	2013.75	0	166	61.1042
21.9969	15.8	28.2	0	0	0	1.1438	0	1939.14	0	167	66.375
20.3552	10.6	27.1	0	0	0	0.9559	0	2495.34	0	168	51.5313
23.6854	13.4	32	0	0	0	0.8012	0	2382.57	0	169	53.4479
22.6885	17.6	30.1	0	0	0	1.1853	0	1805.4	5.46	170	63.9479
20.724	14.6	26.4	0	0	0	0.2376	0	1239.66	1.26	171	79.2292
21.6604	16.8	26.9	0	0	0	1.2543	0	1764.09	35.28	172	72.0938
18.6771	14.8	21.1	0	0	0	1.3096	0	995.13	0	173	70.7396
18.5302	11.6	24.2	0	0	0	0.8261	0	2476.08	0	174	56.3333
22.0052	13.1	31.2	0	0	0	0.7625	0	2367.27	0	175	56.1875
23.5833	15.8	33.9	0	0	0	0.8178	0	2098.62	21	176	68
21.2625	16	27	0	0	0	0.9173	0	1709.55	1.89	177	72.8542
21.4	14.8	27.6	0	0	0	0.7183	0	2041.47	1.68	178	72.9271
19.8646	15.3	25.6	0	0	0	0.7929	0	1312.29	7.35	179	78.0417
22.4937	17.4	28.4	0	0	0	1.0167	0	2354.49	0	180	64.9688
22.2031	15	27.9	0	0	0	0.7764	0	2298.87	0	181	64.1458
22.1062	14.9	28.3	0	0	0	1.3317	0	2385.36	0	182	60.0729
22.6292	14.4	29.5	0	0	0	1.5085	0	2505.24	0	183	50.3542
23.326	15.4	30.7	0	0	0	1.2764	0	2463.03	0	184	54.1875
25.1281	14.8	33.3	0	0	0	0.4144	0	2323.35	0	185	57.375
24.4902	16.1	31.8	0	0	0	0.9421	0	2268.63	0	186	65.1146
22.6	29.5	17.5	0	0	0	0.8316	0	2004.39	0	187	75.5208
20.4	26.8	17.9	0	0	0	1.0222	0	1450.53	0	188	76.3958
21.9	27.9	17.3	0	0	0	0.6437	0	1685.79	0	189	74
22.8	16	30.5	0	0	0	0.5194	0	1844.46	0.21	190	71.0417
24.8	19.2	30.6	0	0	0	0.7294	0	2239.56	0	191	61.7917
26	17.6	33.6	0	0	0	0.489	0	2374.83	0	192	65.125
25.4	21.2	30.6	0	0	0	0.5747	0	1437.03	0	193	67.0625
25.4	20.6	33.1	0	0	0	0.489	0	1945.35	0	194	67.3229
23.6	19	28.5	0	0	0	1.2599	0	2005.65	1.26	195	65.7708
22.3	15.4	28.6	0	0	0	1.1162	0	2397.15	0	196	48.125
22.9	14.6	29.8	0	0	0	1.1107	0	2416.68	0	197	44.125
23.6	15.1	30.7	0	0	0	0.9117	0	2409.84	0	198	41.1979
25	14.5	33.3	0	0	0	0.7985	0	2372.04	0	199	49.8229
26.9	15.9	35.8	0	0	0	0.6133	0	2292.75	0	200	50.5521
28	19.1	36.8	0	0	0	0.9808	0	2131.74	0	201	60.0938
28.4	20.5	36.3	0	0	0	0.6879	0	2280.51	0	202	57.9271
25.6	20.7	36.9	0	0	0	0.6603	0	1621.08	0	203	65.5625
24.9	19.9	33.4	0	0	0	0.7708	0	2050.29	0	204	64.9167
26.5	19.9	33.2	0	0	0	0.6548	0	1900.8	0	205	62.25
28.3	20.9	36.2	0	0	0	0.5636	0	2046.78	0	206	52.7396
27.4	21	35.3	0	0	0	0.6437	0	1426.68	0	207	60.0104
27.4	20	37.2	0	0	0	0.7764	0	2052.36	0	208	58.5521
23.8	19.6	29.8	0	0	0	0.5443	0	1378.89	0.84	209	68.4792
22.7	18.7	31.1	0	0	0	0.4034	0	1752.03	1.89	210	76.1979
25.4	19.3	32.8	0	0	0	0.5194	0	1936.26	0	211	59.8854
23.7	19.5	39.2	0	0	0	0.5526	0	1347.57	0	212	65.9063
23.7396	29	18.6	0	0	0	0.8067	0	1065.51	2.73	213	78.6979
21.6344	25	20.1	0	0	0	1.4477	0	1776.6	0.63	214	63.1979
21.2708	24.5	19	0	0	0	0.3454	0	1321.65	1.47	215	74.2604
21.6187	25.5	17.6	0	0	0	0.5747	0	1439.37	0	216	73.5938
21.2844	25.1	17.2	0	0	0	0.3675	0	1594.89	8.82	217	75.1146
21.2917	23.7	18.9	0	0	0	0.4724	0	967.59	20.58	218	85.5208
19.3135	21.8	17.2	0	0	0	0.3923	0	1854.45	0	219	66.6667
18.101	20.3	16.3	0	0	0	0.3757	0	812.43	9.24	220	80.8542
19.6177	24.1	16.2	0	0	0	0.2072	0	1605.51	0	221	67.9583
19.5604	24.1	16.4	0	0	0	0.3122	0	903.15	5.04	222	74.9792
21.0583	26.5	15.8	0	0	0	0.5332	0	937.71	16.38	223	82.3438
21.1219	24.6	18.5	0	0	0	0.5084	0	1508.85	2.31	224	79.5417
20.9208	25.4	17.2	0	0	0	0.163	0	836.19	0.84	225	82.9792
18.9073	20.8	17.6	0	0	0	0.8592	0	992.52	5.67	226	80.8021
17.5385	19.6	15.9	0	0	0	0.8924	0	1213.56	4.83	227	77.0104
19.8635	23.8	17.1	0	0	0	0.152	0	1138.68	6.09	228	82.75
20.376	24.5	16.5	0	0	0	0.2127	0	1454.22	2.1	229	74.8125
22.4302	28	17.7	0	0	0	0.8361	0	1577.97	5.88	230	71.8125
23.3229	27.9	19.9	0	0	0	0.627	0	2025	0	231	75.4667
21.5302	23.8	19.7	0	0	0	0.418	0	1825	0	232	76
19.5656	20.7	18.7	0	0	0	0.209	0	2223	0	233	77
20.1396	22.5	18.8	0	0	0	0	0	1406	0	234	77
17.0823	11.3	24.4	0	0	0	0.1489	0	2261.24	0	235	78.25
16.1604	11.5	21.6	0	0	0	0.7062	0	1344.62	4.41	236	85.0938
14.4448	13.1	16.8	0	0	0	1.1748	0	276.71	7.77	237	90.3125
16.9531	13.4	22.4	0	0	0	0.8982	0	1861.69	0.63	238	78.7396
16.9146	14.5	21.1	0	0	0	1.4972	0	1556.93	2.94	239	83.5208
14.4938	12.3	16.8	0	0	0	1.4812	0	478.88	27.93	240	92.6979
12.5917	10.4	16.5	0	0	0	1.621	0	1085.27	6.3	241	87.5
13.4792	10.8	18.5	0	0	0	1.3952	0	1023.11	1.05	242	83.2708
14.8604	8.4	20.9	0	0	0	0.6688	0	2130.21	0	243	78.8125
16.1719	8	25.2	0	0	0	0.4084	0	2360	0	244	77.3854
18.1646	12.4	25.8	0	0	0	0.5174	0	1437	0	245	79.9583
20.5854	16.5	22.8	0	0	0	2.2873	0	790	0	246	74.5729
22.8698	19.1	25.8	0	0	0	2.8864	0	1433	0	247	72.4896
20.5406	15.4	26.1	0	0	0	0.4629	0	1894	0	248	78.3333
19.9031	13.8	27	0	0	0	1.062	0	1561	0	249	79.5729
19.976	13.5	27.9	0	0	0	1.1709	0	1830	0	250	79.6042
14.9865	9.4	20.5	0	0	0	1.1437	0	2272	0	251	71.7604
14.9875	7.3	23.6	0	0	0	2.3145	0	2170	0	252	68.1563
17.5375	10.1	26.1	0	0	0	1.0892	0	1922	0	253	71.4896
20.326	13.5	28.4	0	0	0	0.4629	0	1913	0	254	76.7396
19.6396	12.3	27.5	0	0	0	0.4629	0	1958	0	255	76.7708
19.8083	13.3	28.4	0	0	0	0.3812	0	1931	0	256	77.4583
18.3969	11.3	25.7	0	0	0	0.4629	0	1097	0	257	79.9896
17.4792	14.2	22.4	0	0	0	1.661	0	779	0	258	82.3542
15.7885	11.7	19.6	0	0	0	0.4901	0	862	0	259	90.8333
16.2469	13.9	18.2	0	0	0	0.2995	0	330	10.98	260	95.7188
16.4167	15.4	17.4	0	0	0	0.708	0	289	8.3	261	92.8438
16.649	13.5	20.5	0	0	0	0.5174	0	848	3.9	262	85.4375
16.7688	13.1	22.7	0	0	0	0.2451	0	1702	6.83	263	84.8333
17.0188	9.7	26.6	0	0	0	0.5174	0	1813	0	264	82.75
17.5188	10.6	26.1	0	0	0	0.708	0	1693	0	265	81.5521
18.124	13.1	25.9	0	0	0	0.8169	0	1569	0	266	83.8125
18.076	12.5	25.9	0	0	0	0.354	0	1555	0	267	83.4688
16.5427	14.2	20	0	0	0	1.1437	0	654	8.05	268	87.9896
15.1396	12.5	19.2	0	0	0	1.307	0	950	17.81	269	91.6771
15.5125	12.7	21.3	0	0	0	0.2178	0	1058	0	270	87.6875
14.2208	9.1	21.1	0	0	0	0.354	0	1274	0	271	89.5417
15.6354	11	22.2	0	0	0	0.5446	0	1468	0	272	86.25
16.8323	12.1	23.4	0	0	0	0.2451	0	1287	0.49	273	86.5104
16.9583	13.8	22.1	0	0	0	0.5174	0	1001	10.74	274	88.8021
14.2292	11.9	16.5	0	0	0	0.6263	0	318	13.28	275	91.8542
13.8656	11.7	14.6	0	0	0	1.062	0	118	78.47	276	96.7292
11.8167	8.5	14.9	0	0	0	1.3343	0	1006	6.15	277	86.4271
11.6969	7.9	16.9	0	0	0	0.6535	0	1031	0	278	84.8125
14.4906	11.3	17.2	0	0	0	1.5793	0	581	0	279	75.3438
13.475	7.9	16.4	0	0	0	1.9061	0	651	5.9	280	83.9375
10.6719	4.7	19.2	0	0	0	0.953	0	1406	0	281	84.0208
11.7948	4.7	21.1	0	0	0	0.3268	0	1335	0	282	85.5208
13.1208	8.2	20.6	0	0	0	0.4901	0	1145	0	283	89.0208
11.5969	8.2	15.9	0	0	0	0.3268	0	664	0	284	95.9479
14.251	10.4	21.1	0	0	0	0.354	0	1164	0	285	88.7813
15.1083	11.9	20.9	0	0	0	0.5174	0	957	0	286	90.1458
13.149	9.8	16.6	0	0	0	1.1164	0	487	0	287	86.625
10.825	7.1	16.6	0	0	0	1.6066	0	877	0	288	87.7917
9.6281	3.5	16.5	0	0	0	1.7699	0	1184	0	289	83.7188
8.0865	3.1	16.8	0	0	0	0.4629	0	1003	0	290	90.0313
9.6885	4.3	18	0	0	0	0.2178	0	949	0	291	90.875
12.7323	9.7	18.4	0	0	0	0.2995	0	622	0.49	292	89.7292
14.5313	11.2	21	0	0	0	0.4629	0	1036	0	293	84.4896
14.2563	11.9	18.2	0	0	0	0.8986	0	709	0.49	294	86.9688
14.974	10.5	22.5	0	0	0	0.3268	0	1072	0	295	82.8854
15.6448	12.3	18.2	0	0	0	0.5446	0	309	18.2	296	91.6979
15.5469	12.2	18.4	0	0	0	4.5474	0	882	42.31	297	70.0417
11.2813	7.1	17	0	0	0	1.0075	0	580	0	298	83.4792
12.9521	7	21.3	0	0	0	0.3812	0	956	0	299	86.625
14.9833	11.3	19	0	0	0	0.4084	0	263	4.43	300	92.1875
15.6958	14.1	17.4	0	0	0	1.4976	0	390	0	301	86.6042
15.113	8.4	17.2	0	0	0	3.0225	0	382	3.2	302	81.1196
9.3083	5.3	16.4	0	0	0	0.8441	0	931	0	303	87.5521
9.0885	3	16	0	0	0	1.5793	0	566	0	304	86.9792
8.2625	4.1	12.5	0	0	0	3.8394	0	645	1.19	305	72.4271
3.3771	-2.4	6.7	0	0	0	2.5051	0	795	0	306	74.1458
4.2729	1.8	6.8	0	0	0	2.3418	0	493	0.48	307	85.0729
5.4406	2.8	8.4	0	0	0	1.9605	0	504	0.24	308	85.2188
5.9865	4.6	7.9	0	0	0	3.9211	0	541	0	309	82.4063
5.8135	1.6	9.6	0	0	0	1.661	0	646	0	310	85.9479
1.1104	-2.1	3.3	0	0	0	0.5174	0	352	0	311	98.4271
7.8146	0	14.5	0	0	0	1.5249	0	380	0	312	85.8333
9.7781	2	13	0	0	0	2.8047	0	251	6.66	313	90.1979
3.6115	-0.1	10.2	0	0	0	0.953	0	664	0	314	89.3646
4.9083	-1.1	10.2	0	0	0	2.9408	0	142	1.67	315	92.8646
8.0365	6.2	10.4	0	0	0	4.6835	0	387	10.95	316	80.0938
8.7177	5.6	11.4	0	0	0	5.2009	0	255	0.71	317	78.5
12.599	10.7	14.3	0	0	0	3.6216	0	200	1.43	318	85.0208
11.5906	6.6	18.4	0	0	0	0.5174	0	687	0	319	87.9063
9.9729	4.5	17.5	0	0	0	0.5991	0	643	0	320	88.2396
11.5688	9.9	13.3	0	0	0	0.7897	0	345	0.95	321	90.0208
10.7188	6.8	15	0	0	0	0.8986	0	569	1.67	322	87.3438
8.1563	4.7	11.2	0	0	0	1.3343	0	248	6.9	323	92.0938
6.0812	2.1	10.4	0	0	0	1.1164	0	558	0.24	324	82.2917
8.4875	5.6	11.7	0	0	0	1.3343	0	210	14.28	325	92.3021
5.7396	2.9	6.9	0	0	0	2.3418	0	253	4.28	326	83.375
9.7562	2	17	0	0	0	2.2056	0	280	6.19	327	78.375
11.9281	8.2	15.7	0	0	0	1.0075	0	333	5.24	328	86.0833
11.4719	7.7	15.3	0	0	0	0.8169	0	265	0	329	82.8021
9.476	6.8	13.3	0	0	0	0.6263	0	419	0	330	92.4375
7.1052	4.2	11.9	0	0	0	0.4357	0	367	0	331	94.3958
4.2094	2	7.1	0	0	0	0.5718	0	322	0	332	97.25
7.0594	2.3	10.8	0	0	0	0.6807	0	218	3.09	333	97.3125
7.5	5.5	8.7	0	0	0	1.9605	0	164	0	334	90.1354
4.6125	0.5	11.4	0	0	0	0.6535	0	491	0	335	91.5521
3.9458	-0.6	9.2	0	0	0	0.5446	0	348	0	336	93.5208
9.0042	2.8	15.8	0	0	0	2.0422	0	429	12.54	337	82.6458
10.5667	7.5	12.6	0	0	0	5.1737	0	294	5.94	338	76.0938
13.4448	9.5	17	0	0	0	3.676	0	201	3.3	339	76.75
10.6844	8.1	16.5	0	0	0	2.6957	0	175	14.08	340	75.9583
8.374	3.9	10.8	0	0	0	1.8516	0	414	0.88	341	68.8021
10.3677	7	14.2	0	0	0	2.8864	0	222	1.1	342	74.3021
6.7188	5.5	9.5	0	0	0	2.4779	0	108	0	343	83.7917
4.1677	-0.7	6.4	0	0	0	1.6882	0	204	0	344	89.3958
1.9885	-2.4	5.6	0	0	0	0.3812	0	154	0.22	345	85.2604
5.9958	4.5	7.3	0	0	0	2.015	0	134	1.98	346	79.0417
4.4781	0.9	8.7	0	0	0	1.0892	0	437	0	347	84.3958
2.2531	-0.8	9.3	0	0	0	0.4357	0	457	0	348	92.1979
0.2562	-2.5	6.5	0	0	0	0.3268	0	391	0	349	95.0521
4.0698	-1.6	9.2	0	0	0	0.4629	0	276	1.1	350	89.6458
4.9333	2.6	8.3	0	0	0	1.0347	0	283	7.26	351	90.375
3.2042	1.7	4.2	0	0	0	0.708	0	128	5.28	352	90.9063
3.0479	2.1	4.2	0	0	0	2.8864	0	197	0	353	71.1458
1.5385	-2.4	5.7	0	0	0	1.2526	0	389	0	354	77.9688
2.7479	-1.8	6.9	0	0	0	1.5249	0	374	0	355	82.3542
0.5094	-2.6	5.6	0	0	0	2.1784	0	380	0	356	87.0729
1.3563	-0.9	2.9	0	0	0	4.6835	0	231	0	357	87.9271
0.7708	-2.6	4.9	0	0	0	2.3962	0	423	0	358	88.3438
-1.7698	-4.3	0	0	0	0	3.077	0	100	0	359	94.7292
-0.149	-3.7	2.6	0	0	0	2.7502	0	451	0	360	84.8333
-1.1125	-2.3	-0.7	0	0	0	1.3343	0	186	0	361	89.375
-0.2604	-2.2	3.3	0	0	0	2.2873	0	260	0	362	85.2708
0.3146	-2.3	5.4	0	0	0	0.2995	0	380	0	363	86.2188
2.7354	-3.3	13.1	0	0	0	0.8441	0	277	0.42	364	82.2083
11.1865	8.1	13	0	0	0	5.092	0	384	2.73	365	67.0938
