Tp_av Tpmin Tpmax T_s10 T_s20 vappd wind sundu radia prec tagesnummer RF
C_deg C_deg C_deg C_deg C_deg  mm_Hg m/se hours J/cm² mm jday %
50 ----- ----- ----- ----- ----- 2m ----- ------ -- 0 0
0.5 0 1.7 0 0 0 0.4 0 77.364 3.8 1 100
2.3 -1.3 5.5 0 0 0 1.2 0 137.052 6.5 2 94.2
1.8 0 3.2 0 0 0 2.2 0 88.488 1.3 3 88.6
2.6 -1.6 4.8 0 0 0 1.5 0 86.652 0.2 4 90.8
-0.2 -2.6 1.8 0 0 0 0.5 0 120.816 1.7 5 99.2
3.8 -0.6 7.1 0 0 0 1.4 0 226.98 8.9 6 92.2
2.5 0 6.8 0 0 0 0.8 0 221.76 0 7 97.9
2.3 -0.9 7.7 0 0 0 0.8 0 549 0 8 92.6
3.9 0.6 7.4 0 0 0 0.7 0 201.492 0.7 9 97.2
2.7 -0.1 7.3 0 0 0 0.8 0 417.348 0.1 10 97.1
0.6 -3.1 3.9 0 0 0 0.5 0 234.432 0 11 99.4
3 0.3 5.5 0 0 0 0.9 0 280.656 6.3 12 91.4
2.7 0.3 5.5 0 0 0 1.4 0 321.192 3.5 13 89.7
-0.1 -3.2 3.1 0 0 0 1.1 0 298.368 0.1 14 93.5
-3.1 -5.8 0 0 0 0 0.6 0 388.764 0 15 100
-3.3 -7.3 2.3 0 0 0 0.7 0 838.548 0 16 92.2
-2.7 -5.7 2.4 0 0 0 0.9 0 758.772 0 17 90.3
-1.6 -4 0.2 0 0 0 0.9 0 219.636 5 18 88.6
0.3 -1.6 2.4 0 0 0 1.1 0 231.66 0.2 19 94.4
2.6 -1.1 6.2 0 0 0 3.2 0 69.768 16.1 20 96.8
2.5 0.5 6.3 0 0 0 4.3 0 370.836 34.5 21 87
0.8 -1.5 2.9 0 0 0 2.9 0 251.316 1.1 22 89.2
-0.8 -2.9 1.3 0 0 0 0.8 0 457.416 1.7 23 93.2
-2.5 -6.4 -1.3 0 0 0 1.6 0 534.6 10 24 89.7
-5.1 -7.6 -2.6 0 0 0 2.1 0 448.596 0 25 87.8
-5.4 -7 -3.8 0 0 0 3.8 0 371.016 0 26 82.5
-7 -9.1 -5.2 0 0 0 2.6 0 665.316 0 27 74.7
-8.3 -13 -6.4 0 0 0 0.6 0 323.856 0.2 28 90.2
-11.1 -16.8 -4.4 0 0 0 0.5 0 489.852 0 29 89.3
-7.2 -10 -5.4 0 0 0 0.9 0 466.92 0 30 86.2
-3.4 -6.4 0.1 0 0 0 1.7 0 186.516 9.9 31 99.1
0 -2.5 1.5 0 0 0 2.1 0 441.828 8.3 32 87.4
-0.5 -3.9 1.7 0 0 0 1.9 0 199.944 5 33 99.5
1.7 0 3.1 0 0 0 2.3 0 321.444 2.7 34 92.3
-1.4 -5.9 2.1 0 0 0 0.9 0 751.428 0 35 79.7
-5.5 -10.7 2.6 0 0 0 0.9 0 1066.752 0 36 76
-7.2 -13.3 0 0 0 0 1.2 0 1001.52 0 37 79.8
-7.4 -12 -2.7 0 0 0 1.5 0 1029.96 0 38 80.3
-6.9 -13.3 0 0 0 0 0.8 0 999.036 0 39 71.4
-3.7 -7.5 1.5 0 0 0 0.7 0 721.836 0 40 73.2
-2.8 -7.8 1.2 0 0 0 0.7 0 512.316 3.4 41 88.8
2.2 0.8 3.1 0 0 0 1.3 0 176.22 29.7 42 100
3.9 0.7 7.3 0 0 0 1.5 0 93.384 36.5 43 97.6
1.6 -0.3 3.9 0 0 0 3 0 340.668 3.2 44 92.2
-0.7 -2.5 1.1 0 0 0 2.2 0 518.22 4.3 45 91.2
-1.6 -3 0 0 0 0 2.8 0 820.692 6.1 46 78.7
-1.9 -2.5 -0.7 0 0 0 3.7 0 546.984 1.3 47 86.4
-1.9 -3.4 0 0 0 0 0.6 0 363.816 0.1 48 93.5
-2.6 -3.8 -1.7 0 0 0 1.3 0 333.36 0 49 82.5
-2.7 -4 -1.5 0 0 0 1.3 0 419.472 1.6 50 95.5
-2.7 -5.1 0.3 0 0 0 0.7 0 580.68 1.1 51 94.6
-1.6 -3.8 0 0 0 0 2.1 0 438.516 0.2 52 83.5
-1.9 -3.6 -1.1 0 0 0 2.6 0 436.104 1.6 53 92.6
-5.7 -9.6 -2 0 0 0 1.1 0 817.452 0 54 94.3
-8.9 -16.6 -1.7 0 0 0 0.9 0 1177.308 0 55 86.5
-8.3 -16 -2.8 0 0 0 0.5 0 534.78 0 56 93.6
-3.2 -5.6 1.3 0 0 0 1 0 904.284 0 57 87.2
-6.2 -11.8 -4.3 0 0 0 3.2 0 931.284 0.7 58 72.7
-10.8 -16.7 -5 0 0 0 1.2 0 1302.444 0 59 76.8
-12.7 -18.4 -5.5 0 0 0 1 0 1345.932 0 60 78.8
-10.5 -19.1 -1.4 0 0 0 0.8 0 1458 0 61 73.4
-5.9 -13.2 2.6 0 0 0 1.7 0 1301.796 0 62 62.9
-6.2 -11.2 -0.9 0 0 0 1.3 0 1250.388 0 63 76.7
-5.2 -12.4 1.4 0 0 0 1.5 0 1047.456 0 64 68.7
-5.3 -9.9 -1.8 0 0 0 2.4 0 879.984 0 65 71.2
-5.5 -10.7 -0.8 0 0 0 2.1 0 1173.42 0 66 79
-0.8 -3.5 1.6 0 0 0 1.8 0 428.976 5.6 67 97.4
1.1 0.3 2.3 0 0 0 2 0 488.7 1.1 68 92.9
-3 -9.2 0.6 0 0 0 2.5 0 1453.536 0 69 62.5
-3.6 -11.3 2.9 0 0 0 1.8 0 467.316 0 70 81.9
0.3 -1.2 2.9 0 0 0 2.2 0 439.344 13.7 71 95.7
0 -3.5 3.5 0 0 0 1.5 0 949.788 0.3 72 90.5
-0.8 -5.6 5.6 0 0 0 0.9 0 1623.96 0 73 81.6
2.1 -2.2 8.3 0 0 0 1.2 0 1450.908 0 74 80.2
3.8 -1.7 12.5 0 0 0 0.9 0 1581.12 0 75 77.8
6.7 -0.2 14.2 0 0 0 1.4 0 1262.196 0 76 70.1
11.3 5.4 17.3 0 0 0 2 0 1349.028 0 77 68.6
8 2.3 12.2 0 0 0 2.4 0 321.192 2.5 78 91.2
2.4 -1.6 8 0 0 0 1 0 975.492 0 79 84.3
2.6 -3.3 10.7 0 0 0 1.2 0 1751.796 0 80 76.2
4.6 -3.2 13.4 0 0 0 0.9 0 1615.968 0 81 70
6.9 2.4 11 0 0 0 0.8 0 483.876 0.3 82 91.5
8.8 2.6 16.8 0 0 0 1 0 1533.024 0.2 83 85.6
6.7 2.5 9 0 0 0 0.4 0 328.968 2.5 84 99.8
8.9 5.9 13.4 0 0 0 0.7 0 932.436 0.1 85 90
8.9 2.7 14.1 0 0 0 1.6 0 1404.504 0.1 86 86.1
9 7.5 10.8 0 0 0 0.6 0 386.568 8.4 87 98.8
9.7 5.1 16.4 0 0 0 0.9 0 1401.156 0.4 88 90
8.8 4.6 13.8 0 0 0 0.8 0 923.544 0 89 77.4
7.8 0.7 13.4 0 0 0 2.7 0 1869.84 0 90 52.3
4.9 -2.2 12.8 0 0 0 1.1 0 1910.376 0 91 63.1
7.4 -2.1 17.5 0 0 0 1.4 0 2036.556 0 92 49.1
8.1 -0.2 17.7 0 0 0 1.4 0 2003.796 0 93 55.6
8.6 -0.5 18.3 0 0 0 1.1 0 1971.072 0 94 63.4
9.7 0.8 18.5 0 0 0 1.7 0 1650.024 0 95 68.7
11.1 7.1 17.9 0 0 0 1.2 0 1453.284 1.9 96 79.9
11.3 8.1 15.1 0 0 0 1.4 0 688.5 0.5 97 80.2
8 5.5 10 0 0 0 1.1 0 398.34 4.8 98 97.6
5.1 2.9 7.9 0 0 0 2.1 0 468.324 3.4 99 93.9
3.2 -1.9 6.7 0 0 0 1.4 0 722.88 0 100 85
5.9 -0.3 11.8 0 0 0 1.5 0 1356.912 0 101 73.9
10.5 4.9 16.6 0 0 0 1.5 0 1893.636 0 102 59.7
9.6 5.7 14.5 0 0 0 0.7 0 839.628 1 103 84.1
10.5 2.8 19 0 0 0 1.1 0 1920.348 0 104 75.6
12.5 3.8 21 0 0 0 1.5 0 2115.936 0 105 65.5
15.1 8 21.9 0 0 0 2.1 0 1531.728 0 106 54.9
11 5.1 15.4 0 0 0 2 0 934.74 0.6 107 74.3
8.2 4.5 9.4 0 0 0 0.8 0 223.344 4.5 108 99.8
8.9 7.5 9.7 0 0 0 1.3 0 151.56 16.9 109 100
6.9 3.6 8 0 0 0 1.9 0 496.08 20 110 95.2
3.5 -2.1 8.7 0 0 0 2 0 2147.904 0 111 53.9
4.6 -3.5 13.3 0 0 0 1.4 0 2290.824 0 112 68
7.6 -1.5 14.9 0 0 0 1 0 2135.7 0 113 64.2
11.2 5.2 16.9 0 0 0 1 0 1426.212 0 114 74.9
10 8.9 10.9 0 0 0 1.5 0 330.876 29.2 115 99.4
9.7 6.6 13.7 0 0 0 1.5 0 549.216 3.7 116 96.1
9.2 4.8 12.7 0 0 0 1.4 0 768.636 5.9 117 96.5
9.6 4.1 16.2 0 0 0 1.3 0 2054.124 0.2 118 76.5
10 3 16.4 0 0 0 0.7 0 930.528 0.7 119 79.8
14.7 7.8 21.9 0 0 0 1.1 0 2375.064 0.7 120 78.2
16.8 9.4 25.4 0 0 0 1.3 0 2360.988 0 121 71.8
18.5 9.2 27.6 0 0 0 1.2 0 2438.136 0 122 65
15.6 12.4 19 0 0 0 1.3 0 906.264 8 123 85.5
12.7 8.7 17.6 0 0 0 1.9 0 1578.6 3 124 87.8
9.9 4.5 15 0 0 0 1.4 0 942.48 4.2 125 91
6.8 3.7 9.2 0 0 0 1.4 0 499.284 9 126 97.2
7.2 4.2 10.2 0 0 0 1.9 0 849.384 11.8 127 92.9
6.6 2.8 11.9 0 0 0 2.4 0 1791.324 0 128 73.9
5.8 1.1 12.4 0 0 0 1.4 0 1556.208 3.5 129 85.3
6.7 0.3 12.7 0 0 0 1.6 0 2144.988 0 130 72.6
6.2 -0.6 12.9 0 0 0 1.6 0 1811.412 0.5 131 70.9
8.9 -0.4 15.9 0 0 0 1.4 0 2572.308 0 132 56
12.4 2.7 20.2 0 0 0 1.4 0 2621.628 0 133 55.2
14.2 7 20.8 0 0 0 1.2 0 1622.556 4.2 134 71.5
11.8 5.7 16.4 0 0 0 1.9 0 1269.144 2 135 86.6
11.1 2.5 17.8 0 0 0 1.7 0 1884.168 23.2 136 69.1
11.4 8.6 14.9 0 0 0 1.7 0 1335.78 2.5 137 83.7
9.5 7.1 11.2 0 0 0 4 0 687.924 7.7 138 93.4
9.3 4.5 14.5 0 0 0 1.2 0 1700.676 0 139 72.1
11.2 2.2 19.5 0 0 0 1.3 0 2638.656 0 140 66.6
15.9 6.8 24.2 0 0 0 1.2 0 2229.372 0.5 141 67
16.8 13.1 22.6 0 0 0 1.4 0 1886.58 15.9 142 83.4
13.5 9.6 17.2 0 0 0 1.6 0 859.5 4.2 143 94
13.4 8.3 19.3 0 0 0 1.5 0 2596.464 0 144 75.6
15.2 6.2 22.8 0 0 0 1 0 2748.06 0 145 66.3
18.3 9 26.5 0 0 0 1.2 0 2816.604 0 146 62.7
20.4 10.6 28.7 0 0 0 1.1 0 2767.464 0 147 61.7
22.2 13 30.9 0 0 0 1.4 0 2810.268 0 148 63.8
23 13.7 31.9 0 0 0 1.2 0 2745.36 0 149 65
20.7 13.6 28.2 0 0 0 2.5 0 2193.588 17.1 150 73.9
12.6 7.5 15.7 0 0 0 2.3 0 1836.396 0.6 151 74.9
12 5.2 17.9 0 0 0 1.1 0 1806.804 0 152 68.2
14 4.9 21.7 0 0 0 1.3 0 2790.504 0 153 61.8
18 7.4 26.5 0 0 0 1.5 0 2860.704 0 154 54
14.8 9 18.9 0 0 0 1.6 0 771.768 15 155 91.5
13 6.6 18.7 0 0 0 2.1 0 2029.068 5.1 156 69
12.4 8.9 17.2 0 0 0 1.4 0 1345.176 2.3 157 84.3
9.1 5.4 11.4 0 0 0 3.1 0 1567.908 0.2 158 66.1
9.2 4.1 13.4 0 0 0 2.1 0 2084.4 0.2 159 66.3
10.7 6.1 15.05 0 0 0 1.9 0 1676.16 0.1 160 66.5
12.2 8.1 16.7 0 0 0 1.7 0 1267.92 0 161 66.7
11.7 8.7 16 0 0 0 0.9 0 1201.536 6.4 162 87.4
12 8.2 17.8 0 0 0 1.4 0 2214 2.2 163 78.2
14.8 8.7 20.9 0 0 0 1.8 0 1732.5 1.9 164 85.7
18.8 10.9 25.5 0 0 0 1 0 2210.94 0 165 70.9
16.8 15 21 0 0 0 1.3 0 1029.528 25.1 166 90.2
18.7 13.2 25.3 0 0 0 1.2 0 2463.264 0.1 167 77.1
18.8 13.4 22.7 0 0 0 1.6 0 1666.296 0.1 168 76.1
19.7 13 24.7 0 0 0 2.1 0 2336.904 0 169 61.9
18 8.5 24.7 0 0 0 1.5 0 2896.632 0 170 55.5
20 11.3 27.1 0 0 0 1 0 2831.868 0 171 61.7
20.9 13 28.1 0 0 0 1.1 0 2749.752 0 172 62.6
21.8 14.8 28.3 0 0 0 1.7 0 2247.3 0 173 60.2
21.2 14.4 28.3 0 0 0 1.2 0 2832.588 0 174 52.4
21.7 13.3 29.9 0 0 0 1.3 0 2710.548 0 175 61.4
21.8 17 29.4 0 0 0 1.3 0 2100.42 4.9 176 73.7
21.7 18.3 26.7 0 0 0 1.4 0 1724.328 0.1 177 75
21.6 16.1 27.9 0 0 0 1.2 0 2347.524 0 178 64.5
22.2 14.3 29.5 0 0 0 1.3 0 2318.004 0.1 179 63.1
19.2 13.5 24.5 0 0 0 0.9 0 1479.564 10.5 180 78.2
19 13.9 23.9 0 0 0 1.7 0 1751.256 0.1 181 76.9
15.1 13.9 18.9 0 0 0 1.7 0 974.592 18.9 182 92.5
16.9 12.5 22 0 0 0 1.5 0 1841.256 0.6 183 79
18.4 10.6 25.8 0 0 0 0.8 0 2751.876 0 184 72.7
20 12.5 27.4 0 0 0 1.4 0 2516.184 1.8 185 70.3
12.1 10.5 17 0 0 0 1.2 0 457.02 26.9 186 95
15 10.1 20.3 0 0 0 1.5 0 2335.248 1.9 187 77.9
14.3 11.9 17.8 0 0 0 1.4 0 1261.08 8.9 188 86.6
13.4 9.8 18.2 0 0 0 1.5 0 1682.208 2.3 189 86.4
15.9 7.7 22.2 0 0 0 1.1 0 2450.592 0.1 190 71.5
16.4 14.3 20.7 0 0 0 1.9 0 781.344 5 191 88.6
17.3 14.1 23.4 0 0 0 2.2 0 880.308 1.7 192 81.1
19.9 14.4 25.3 0 0 0 1.6 0 1793.484 0 193 65.2
19.5 12.4 26.8 0 0 0 1 0 2267.82 0 194 71.7
20.5 12.2 27.5 0 0 0 0.9 0 2522.412 0 195 67
20.8 13.8 28.4 0 0 0 1.5 0 2477.844 0.6 196 70.3
20.5 14.8 28.4 0 0 0 1.5 0 2228.904 4.7 197 77.2
20.1 14.2 26.7 0 0 0 1 0 2572.848 0 198 67.7
19.8 12 29.1 0 0 0 0.9 0 2106.144 0.5 199 73.8
18.3 11.4 22.3 0 0 0 1.9 0 1332.288 0.7 200 75.7
16.3 10.4 20.7 0 0 0 1.6 0 1384.596 2.6 201 71.9
15.5 10.7 20.8 0 0 0 1.5 0 1472.94 0 202 74.7
14.1 10.3 16.9 0 0 0 1 0 580.5 0 203 81.9
15.4 10.5 21.4 0 0 0 1.1 0 1847.988 1.4 204 81
16.6 8.4 23.6 0 0 0 0.7 0 1709.568 0.1 205 77.1
16.9 14.4 19.2 0 0 0 1 0 486.9 19 206 96.7
19 14.4 23.9 0 0 0 0.8 0 1645.812 0 207 81.1
21.5 13.2 29.3 0 0 0 1 0 2508.408 0 208 73.9
24 15.4 33.9 0 0 0 0.7 0 2451.24 0 209 68.2
24.7 16.5 34.6 0 0 0 1.2 0 2351.592 2.8 210 67.6
19 14.7 24.9 0 0 0 1.1 0 1528.812 5.3 211 82
17 14 20.9 0 0 0 1 0 1125.684 13.2 212 90.7
17.7 11.3 24.4 0 0 0 0.7 0 1996.884 0.1 213 76
19.1 16.2 23.7 0 0 0 1.9 0 1217.808 13.7 214 72.5
15.6 12.4 17.2 0 0 0 1 0 478.188 0.1 215 93.8
14.7 10 19.7 0 0 0 1.1 0 1495.26 0.9 216 80.8
15.5 7.1 22.8 0 0 0 0.8 0 2111.328 0 217 73.6
14.7 7.8 18.7 0 0 0 1.1 0 1455.624 7.4 218 80.7
11.2 6.6 16.4 0 0 0 1.1 0 1572.624 2.2 219 83.5
10.4 5.2 16 0 0 0 0.7 0 1325.16 3.2 220 90.5
12 7.3 18.4 0 0 0 0.8 0 1143.504 0 221 86.5
12.4 5.3 18.6 0 0 0 1 0 1504.728 0.8 222 80.6
13.8 5.5 21.9 0 0 0 1.1 0 2356.632 0 223 74
16.3 8.4 24.5 0 0 0 0.9 0 2183.436 1 224 74.5
15.4 8.9 20.2 0 0 0 1.2 0 1812.42 0.1 225 79.3
13.5 7.3 18.8 0 0 0 0.9 0 838.548 2.8 226 88.2
12.5 11.1 14.1 0 0 0 1.1 0 467.1 5.5 227 95.6
14.4 11.9 16.8 0 0 0 0.8 0 362.016 1.7 228 91.9
15.9 11.9 20.3 0 0 0 0.9 0 784.944 0 229 85.9
17.7 10.3 25.6 0 0 0 0.9 0 2032.992 0 230 76.1
18.4 10.6 26.2 0 0 0 0.8 0 2189.736 0 231 73
15.4 13.7 16.9 0 0 0 0.4 0 278.82 11.2 232 96.6
18 14.8 23.4 0 0 0 1.2 0 1244.952 7.8 233 87.7
16.7 14.9 19.2 0 0 0 1.4 0 499.536 22.8 234 95.2
16.5 14.2 20.3 0 0 0 0.8 0 807.3 2.6 235 90.3
15 11.7 20.5 0 0 0 0.5 0 800.172 0 236 92.1
16.8 11.9 21.4 0 0 0 1.1 0 1072.368 0.1 237 86.1
15.7 11.5 20.6 0 0 0 1 0 1826.496 0.1 238 77.5
16.7 10 22.7 0 0 0 0.8 0 1817.784 0 239 71.2
17.8 13.3 24.4 0 0 0 1.3 0 1593.504 0 240 75.2
18.5 11 27.7 0 0 0 0.7 0 2021.868 0 241 76.8
19.3 11.9 27.9 0 0 0 0.7 0 1954.152 0 242 77
20.6 13.1 28.2 0 0 0 1.2 0 1981.224 0 243 72
19.7 12.9 28.9 0 0 0 0.6 0 1962.144 0 244 74.6
19.8 13.3 26.4 0 0 0 0.9 0 1640.592 0 245 80.5
19.6 15.7 23.6 0 0 0 0.8 0 1001.376 0 246 81.7
17 10.8 23.8 0 0 0 0.7 0 1634.832 0 247 74.5
15.9 8.2 24.7 0 0 0 1 0 1951.56 0 248 72.8
16.7 8.7 25.8 0 0 0 0.9 0 1911.42 0 249 72
17.1 9.3 26.5 0 0 0 1 0 1879.02 0 250 72
18 9.8 27.9 0 0 0 0.8 0 1766.196 0 251 75.6
19.9 12.1 27.7 0 0 0 0.8 0 1614.744 0 252 73.2
17.3 16.2 19.8 0 0 0 0.6 0 403.704 10.3 253 95.3
16.8 13.7 19.7 0 0 0 0.8 0 497.736 2.1 254 95
16.3 13.3 21.6 0 0 0 0.7 0 778.176 0.2 255 91.7
15.6 11.9 18.8 0 0 0 1.3 0 852.804 6.4 256 89.9
14.3 9.8 19.6 0 0 0 0.7 0 971.676 0 257 87.5
14.8 12.6 18.1 0 0 0 0.7 0 377.676 4.4 258 96.6
14.9 9.9 19.1 0 0 0 1.1 0 497.808 26.5 259 94.1
10 8.3 12.2 0 0 0 1.7 0 654.444 0.1 260 86.1
10.6 6.8 16.2 0 0 0 1.5 0 1559.232 0 261 70.7
9.6 4.1 16.9 0 0 0 1.3 0 1678.932 0 262 73.5
9.6 3 16.3 0 0 0 1.1 0 1455.66 0 263 72.7
10.2 2.5 16.3 0 0 0 0.9 0 921.096 0 264 77
13.2 5.8 20.5 0 0 0 0.9 0 1493.604 0 265 79.5
13.4 7.9 20.6 0 0 0 1.1 0 1482.264 0 266 83.2
13.1 7 21.1 0 0 0 0.8 0 1345.5 0 267 87.1
13.4 8.1 22.4 0 0 0 0.6 0 1405.188 0.1 268 84.3
13.7 7.1 20.8 0 0 0 0.8 0 1172.736 0 269 88.1
13.4 10.8 15.7 0 0 0 0.8 0 314.352 0.9 270 96.4
12.5 9.9 17.7 0 0 0 0.8 0 492.084 0.4 271 96
11.3 7.9 14.8 0 0 0 1.3 0 456.264 3.9 272 94
8.6 3.3 14.1 0 0 0 1.3 0 755.244 0 273 89.7
7.9 2.9 10.4 0 0 0 1.2 0 419.796 3.3 274 95
10.2 9.5 11.5 0 0 0 1.7 0 298.872 11.9 275 96.3
11.3 9 13.8 0 0 0 2.8 0 394.416 4 276 92
16.5 13.6 19.4 0 0 0 1.9 0 513.612 0.3 277 76.1
17.5 14.8 21.2 0 0 0 1.8 0 895.104 0 278 66.2
16.5 11.6 22 0 0 0 2.1 0 1185.444 0 279 62.6
14.8 8.6 21.2 0 0 0 1.8 0 1090.62 0 280 67.6
13.3 6.5 20 0 0 0 1.5 0 1108.152 0 281 76.4
9.2 3.9 16.1 0 0 0 0.7 0 729.504 0 282 90.4
10 3.7 18.2 0 0 0 0.8 0 1153.764 0.1 283 87.8
10.8 4.3 19.1 0 0 0 1.6 0 1182.924 0.2 284 74.8
9.4 3 18 0 0 0 0.9 0 1158.696 0 285 79.9
8.2 3 15.4 0 0 0 0.7 0 1093.068 0 286 86
5.6 0.5 14.6 0 0 0 0.6 0 839.376 0.2 287 94
8.7 2 17.7 0 0 0 0.7 0 1036.008 0.1 288 84.3
8.7 2.7 14.3 0 0 0 2 0 1055.844 0 289 77.1
5.6 -0.7 13.1 0 0 0 1 0 1073.124 0 290 78.3
4.6 -1.9 13.4 0 0 0 1 0 1077.588 0 291 79.7
3.7 -2.3 11.7 0 0 0 0.8 0 1017.144 0 292 86
7 1.6 13 0 0 0 0.7 0 704.196 0 293 86.4
7.9 2.6 14.3 0 0 0 0.9 0 789.696 0 294 90.7
11 7.2 17.6 0 0 0 1.2 0 664.524 0.1 295 90.1
12.4 7.1 19 0 0 0 1.1 0 582.372 10.7 296 88.8
8.9 3.3 14.6 0 0 0 0.8 0 626.148 0.2 297 95.5
10.6 6.6 15.5 0 0 0 1.1 0 605.808 0 298 93.4
11.6 7.2 14.7 0 0 0 0.7 0 216.864 0 299 95.3
11 5.5 18.6 0 0 0 0.7 0 811.404 0.2 300 93.7
10.5 5.3 17.7 0 0 0 0.6 0 858.204 0.2 301 89.9
7 3.3 10.5 0 0 0 0.5 0 297.252 0.1 302 99.1
6.3 3 11.2 0 0 0 1 0 782.028 0.2 303 95.6
5 3 6 0 0 0 1.2 0 211.644 0 304 99.7
4.6 1.3 7.3 0 0 0 0.9 0 366.048 0.7 305 96.6
7.1 5.8 8.6 0 0 0 0.7 0 204.408 0 306 100
9 6.6 12.6 0 0 0 0.9 0 293.472 5.8 307 99.2
8 6.8 9 0 0 0 0.8 0 144.792 0.1 308 100
8.3 5.9 9.7 0 0 0 0.5 0 149.832 4.9 309 99.8
7.3 5.4 10.3 0 0 0 0.7 0 401.868 0.1 310 95.9
6.2 2 8.2 0 0 0 0.5 0 122.508 0 311 98.4
3.1 -0.9 11.1 0 0 0 0.5 0 520.488 0.1 312 97.8
2.9 0.8 4.2 0 0 0 0.9 0 258.336 0.2 313 100
3.2 2.4 3.9 0 0 0 0.8 0 127.836 0.1 314 100
5.4 3.9 7.5 0 0 0 0.5 0 166.5 0.2 315 100
5.1 0.8 8.4 0 0 0 1.3 0 270.216 0 316 98
2.7 1.5 3.5 0 0 0 1.1 0 139.86 0.1 317 99.9
3.1 2.2 4.2 0 0 0 1.1 0 171.324 0 318 92.2
2.2 0.8 3.9 0 0 0 1.3 0 142.056 0 319 94.6
3.4 1.8 5.3 0 0 0 1.3 0 85.212 5.8 320 99.3
1.7 -0.8 3.6 0 0 0 1.8 0 186.228 3.3 321 96.9
0.5 -2.2 3.1 0 0 0 1.1 0 260.388 1.1 322 99.4
-1.2 -3.2 0.9 0 0 0 0.7 0 370.296 0.1 323 94.2
-1.2 -4.4 0.9 0 0 0 0.9 0 101.52 3.3 324 99.7
0.5 -2.1 2.9 0 0 0 1.5 0 348.912 3.9 325 97.1
-0.5 -3 0.9 0 0 0 2.2 0 167.796 0.1 326 92.2
-3.25 -6.3 -1 0 0 0 1.85 0 287.28 0.05 327 90.7
-6 -9.6 -2.9 0 0 0 1.5 0 406.764 0 328 89.2
-4.3 -6.1 -2 0 0 0 1.4 0 167.22 3.5 329 93.4
-3.7 -7.3 -1.5 0 0 0 0.6 0 392.004 0 330 92.3
-2.7 -4.3 1.5 0 0 0 0.8 0 336.492 0 331 96.3
-0.5 -2.5 1.4 0 0 0 1.1 0 151.776 0.2 332 93.1
-0.7 -3 0.5 0 0 0 0.6 0 138.636 2.7 333 97.4
-1.6 -3 0 0 0 0 0.5 0 164.232 0 334 99.2
-4 -7.8 2.1 0 0 0 0.5 0 809.784 0 335 95.1
-5.9 -9.9 -0.2 0 0 0 0.9 0 766.692 0 336 92.4
-2.6 -5.4 -0.4 0 0 0 0.7 0 94.392 3.6 337 97.5
0.5 -1.2 2.6 0 0 0 0.7 0 117.072 11.8 338 99.9
0.9 -0.8 2.8 0 0 0 0.6 0 117.54 0.3 339 99.8
0.5 -0.7 2 0 0 0 0.5 0 153 0 340 99.9
0.8 -0.6 2.2 0 0 0 0.8 0 195.804 2.6 341 99.6
0.6 -1.4 3.4 0 0 0 0.6 0 291.564 0 342 98.3
0.1 -2 2.4 0 0 0 1.1 0 194.148 0 343 93.1
-0.6 -3.2 0.8 0 0 0 1.1 0 196.128 0 344 80.5
-3.3 -6.8 0.7 0 0 0 0.7 0 498.708 0 345 86.4
-4 -7.2 1.1 0 0 0 0.8 0 531.72 0 346 92.3
-2.3 -4.4 -0.6 0 0 0 0.5 0 172.836 0 347 94.4
-1.3 -2.2 -0.5 0 0 0 0.3 0 88.884 0.3 348 98.8
0.6 -0.5 1.5 0 0 0 2.1 0 58.068 4.8 349 99.8
1.3 0.3 2.9 0 0 0 3.8 0 47.196 22.4 350 97.5
-0.9 -3.1 0.3 0 0 0 3.2 0 314.928 1.6 351 90.7
-2.2 -3.8 -0.9 0 0 0 2.5 0 129.852 1.2 352 93.7
-1.6 -2.2 -1.1 0 0 0 2 0 219.528 3.4 353 96.1
0.2 -1.5 0.9 0 0 0 1.8 0 111.708 0.6 354 98.1
0.3 -1 0.9 0 0 0 1.6 0 226.98 0.2 355 98.3
-0.4 -0.8 0.1 0 0 0 1.3 0 62.604 3.6 356 99.9
0.1 -0.2 0.6 0 0 0 0.5 0 95.184 3.2 357 100
0.9 -0.1 1.7 0 0 0 0.6 0 119.124 1.2 358 100
0.9 -2.9 2.4 0 0 0 1 0 154.296 0.9 359 99.9
-1.5 -3 -0.6 0 0 0 0.6 0 109.584 1.1 360 99.9
-1.8 -3 -0.8 0 0 0 1.4 0 121.644 0.5 361 96
-3.4 -4.2 -2.5 0 0 0 1.6 0 224.784 0 362 92.7
-5.5 -9.7 -4.1 0 0 0 1.8 0 252.612 1.8 363 92.5
-9.2 -12.4 -6.3 0 0 0 0.7 0 357.372 0.1 364 91.8
-4.7 -11.8 0.6 0 0 0 1.2 0 150.876 5.8 365 96.2
