Tp_av	Tpmin	Tpmax	T_s10	T_s20	vappd	wind	sundu	radia	prec	tagesnummer	RF
C_deg	C_deg	C_deg	C_deg	C_deg	mm_Hg	m/se	hours	J/cm²	mm	jday	%
50	-----	-----	-----	-----	-----	2m	-----	------	--	0	0
7,1	2,8	10,5	0	0	0	3,4367	0	158,76	0	1	73
3	0,6	4,2	0	0	0	2,1794	0	149,04	0	2	81
4.1	2.6	5.7	0	0	0	2.347	0	280.08	0.85	3	83
5.9	4.5	6.9	0	0	0	3.0176	0	146.16	0.85	4	80
6.4	5.8	7.4	0	0	0	3.1014	0	135	0.98	5	79
8.6	7.4	10	0	0	0	2.1794	0	145.8	2.07	6	84
7.2	4.3	9.5	0	0	0	2.347	0	194.04	0.73	7	81
7.1	4.2	9.6	0	0	0	2.2632	0	215.64	0	8	77
11.3	8.3	13.6	0	0	0	3.0176	0	195.12	0.37	9	72
10.6	6.9	12.5	0	0	0	3.1853	0	341.28	5.37	10	68
5.6	4.1	7.3	0	0	0	3.9397	0	108	3.42	11	69
6.9	4.8	9.7	0	0	0	3.9397	0	332.64	0.49	12	69
10.2	8.2	11.5	0	0	0	3.2691	0	153.36	0	13	75
6.8	2.5	10.5	0	0	0	2.85	0	306	1.34	14	69
2.2	-1.5	7.3	0	0	0	1.1735	0	432.72	0	15	79
3.1	-1.6	8	0	0	0	1.0897	0	326.52	0	16	85
7.8	4.6	10.3	0	0	0	2.85	0	217.8	0	17	78
10.5	6.7	13	0	0	0	5.3647	0	150.48	17.69	18	75
7.6	5.5	9.2	0	0	0	4.1911	0	301.68	1.22	19	66
9.8	6	13.4	0	0	0	2.85	0	251.28	4.76	20	73
5.4	3.7	7.7	0	0	0	3.6044	0	431.64	0	21	62
2.2	-3.9	5.5	0	0	0	2.1794	0	386.28	0.73	22	74
-5.1	-6.9	-3.5	0	0	0	1.3412	0	314.64	0	23	84
-4.8	-5.9	-3.9	0	0	0	2.0956	0	143.28	0.61	24	88
-4	-9.4	-2.2	0	0	0	1.3412	0	231.12	0	25	88
-6.6	-12.7	-1.3	0	0	0	1.7603	0	271.8	0.24	26	82
-0.1	-1	0.8	0	0	0	2.9338	0	287.28	0.85	27	86
2.7	0.5	3.6	0	0	0	4.0235	0	177.48	0.61	28	82
3.9	2.9	5.2	0	0	0	2.9338	0	219.6	3.42	29	88
4.3	2.8	5.6	0	0	0	1.7603	0	260.64	0.37	30	83
5.6	4.5	7.4	0	0	0	2.85	0	385.56	0	31	69
5.1	2.7	7.5	0	0	0	2.347	0	559.8	0	32	82
5.6	4.5	8.6	0	0	0	2.0956	0	270.36	0.37	33	92
4.9	3	7.4	0	0	0	2.7661	0	447.48	0.98	34	81
4	-0.5	5.8	0	0	0	1.425	0	190.8	0	35	90
0.8	-2	3.3	0	0	0	1.3412	0	222.48	0.25	36	93
0.4	-1.7	2.6	0	0	0	0.8382	0	420.84	0	37	89
-1.2	-4.7	1	0	0	0	0.2515	0	156.24	0.49	38	99
0.3	-0.6	2	0	0	0	0.8382	0	249.84	3.2	39	93
2.7	0.3	5.2	0	0	0	1.425	0	238.68	0.37	40	82
-0.5	-2.4	0.7	0	0	0	1.0059	0	62.28	0.86	41	99
2.8	-2.1	6.7	0	0	0	1.1735	0	318.96	0.98	42	92
5.8	3.5	7.1	0	0	0	1.5926	0	239.4	1.23	43	86
6.3	5.1	7.6	0	0	0	3.0176	0	227.88	0.61	44	77
5.4	2.1	8.8	0	0	0	1.1735	0	546.48	4.8	45	79
4.3	2.6	5.2	0	0	0	2.1794	0	105.48	1.6	46	93
3.2	1.6	7	0	0	0	1.1735	0	609.12	0	47	80
5.5	1.7	10.9	0	0	0	2.0117	0	905.04	0	48	61
3.9	-0.7	10.7	0	0	0	1.0059	0	997.92	0	49	72
2.3	-0.6	3.8	0	0	0	0.3353	0	249.48	0	50	90
2.3	-0.4	6.5	0	0	0	0.5029	0	642.24	0	51	90
5.4	-1.1	3.9	0	0	0	1.0897	0	909.72	1.72	52	77
5.3	1	9.9	0	0	0	1.0059	0	846	1.11	53	84
4.9	0.8	10.3	0	0	0	0.3353	0	561.24	0	54	84
8	5.3	12.8	0	0	0	2.1794	0	737.64	0	55	66
7	4.9	9.3	0	0	0	1.8441	0	389.52	1.48	56	78
5.5	3.4	7.9	0	0	0	2.4309	0	358.92	2.34	57	83
3.5	1.8	5.2	0	0	0	2.7661	0	413.28	3.69	58	90
8.1	3.9	11.6	0	0	0	2.6823	0	620.64	2.71	59	78
7.4708	4.6	10.7	0	0	0	3.1853	0	528.84	0.71	60	76.5833
4.9125	2.4	6.5	0	0	0	3.1014	0	358.92	0.12	61	72.2083
4.2667	0.1	9.5	0	0	0	2.347	0	523.08	5.59	62	86.4583
4.7083	1.5	9.9	0	0	0	1.0059	0	756	0.24	63	84.0417
7.2292	3.9	12.3	0	0	0	2.0956	0	614.16	0	64	66.1667
7.6208	3.3	11.5	0	0	0	1.3412	0	584.64	0	65	68.0417
7.9125	4	11.7	0	0	0	0.8382	0	462.6	0	66	74.9583
3.8917	-0.4	8.7	0	0	0	1.1735	0	690.48	0	67	86.375
5.5458	-1.5	12.7	0	0	0	1.1735	0	1080	0.71	68	73.3333
4.1708	0	7.7	0	0	0	1.5926	0	910.8	4.28	69	81.9167
5.5917	-0.8	13	0	0	0	0.922	0	1374.84	0	70	77.5833
8.3292	-0.1	17.7	0	0	0	0.6706	0	1389.96	0	71	74.6667
8.975	1.6	18.2	0	0	0	0.8382	0	1327.68	0	72	72.875
7.3333	0.8	12.6	0	0	0	0.5868	0	1458.36	0	73	70.2917
4.3875	-1.5	11.9	0	0	0	0.4191	0	1310.04	0	74	79.8333
5.1375	-0.7	11.9	0	0	0	1.0897	0	1331.64	0	75	76
7.6708	6.8	8.3	0	0	0	3.1853	0	243.36	0.59	76	74.7917
6.8417	1.6	10.4	0	0	0	3.6044	0	463.32	2.86	77	73.25
2.0792	-1.5	5.7	0	0	0	1.5088	0	750.24	0.71	78	77.375
0.675	-4	6.2	0	0	0	1.3412	0	785.88	0.36	79	87.875
0.7208	-0.6	1.8	0	0	0	2.2632	0	550.08	3.81	80	93.5833
0.2333	-0.3	1.1	0	0	0	1.5088	0	269.28	25.47	81	98.375
3.4125	-0.2	7.6	0	0	0	1.7603	0	1569.24	5.24	82	84.2083
7.0333	3.6	10.5	0	0	0	2.5147	0	713.16	0.48	83	74.3333
7.9375	2.6	13.5	0	0	0	2.5147	0	1422	0	84	60.75
7.925	0.9	14	0	0	0	1.7603	0	1621.08	0	85	61.3333
7.8958	0.5	15	0	0	0	1.425	0	1608.12	0	86	55.3333
8.4583	0	15.1	0	0	0	1.0059	0	1615.32	0	87	58.7083
9.8542	6.1	15.9	0	0	0	1.6765	0	1580.76	0	88	49.125
8.0625	1.8	13.9	0	0	0	0.8382	0	1195.56	0	89	69.5
8.8167	2.3	14.9	0	0	0	1.8441	0	1319.04	0	90	62.6667
9	2.3	15.6	0	0	0	1.8441	0	1773.72	0	91	49
9.1	1.5	17	0	0	0	1.0059	0	1717.92	0	92	57
5.1	0.9	10.3	0	0	0	1.0897	0	1105.2	0.99	93	78
3.8	-1.8	8.7	0	0	0	1.5926	0	1701	0	94	63
5.3	-3.7	12.7	0	0	0	1.7603	0	1826.28	0	95	69
9.1	4.4	14.3	0	0	0	1.3412	0	1463.76	0	96	71
6.4	0.8	10.4	0	0	0	0.5868	0	880.2	0	97	75
5	-1.4	10.3	0	0	0	0.8382	0	667.08	0	98	81
10.6	3.8	15.8	0	0	0	1.9279	0	1304.64	0	99	62
10.9	7.5	13.8	0	0	0	2.0117	0	889.56	0	100	71
9.3	4.6	15.2	0	0	0	0.8382	0	1233.72	0	101	76
10.7	1	18.5	0	0	0	0.922	0	1956.6	0	102	72
13.7	3.2	22.6	0	0	0	1.3412	0	1994.04	0	103	64
15.2	5.8	23.4	0	0	0	1.1735	0	2014.56	0	104	54
14.5	3.8	22.3	0	0	0	1.0059	0	2035.08	0	105	52
14.9	4.7	24	0	0	0	0.6706	0	2042.64	0	106	57
13.8	6.4	21.7	0	0	0	0.922	0	1878.48	0	107	64
7.4	2.4	11.1	0	0	0	2.0117	0	1170.36	0	108	62
9.3	-0.3	17.2	0	0	0	1.425	0	2084.76	0	109	59
7.3	0	13.4	0	0	0	1.425	0	1980.36	0	110	60
5	-2.3	11.6	0	0	0	0.5868	0	2077.92	0	111	65
9.8	-1.7	20	0	0	0	0.6706	0	2201.4	0	112	59
14	4	22.3	0	0	0	1.0897	0	2162.88	0	113	54
13.7	9.9	19.2	0	0	0	0.4191	0	1031.04	3.96	114	82
15.5	8.6	24.4	0	0	0	0.6706	0	1784.88	0.11	115	70
15.6	5.8	23.1	0	0	0	0.922	0	2246.04	0	116	58
16.2	6.1	24.5	0	0	0	0.5868	0	2222.64	0	117	55
16.5	5.8	25.1	0	0	0	0.6706	0	2212.92	0	118	55
10.9	3.8	15.4	0	0	0	1.3412	0	2277.36	0	119	57
9	0.5	16	0	0	0	1.1735	0	2413.44	0	120	59
8.5	2.2	13.5	0	0	0	1.5926	0	2432.52	0	121	49
9.7	-0.6	17.6	0	0	0	1.1735	0	2448	0	122	51
11.8	0.5	19.6	0	0	0	1.0897	0	2427.48	0	123	55
14	3.8	21.2	0	0	0	1.3412	0	2356.2	0	124	54
14.5	6.5	21.4	0	0	0	1.3412	0	2178	0	125	45
14.5	5.8	22.1	0	0	0	0.6706	0	2345.04	0	126	53
13.1	8.9	15.2	0	0	0	1.5088	0	576.36	9.66	127	76
10.9	8.9	14.1	0	0	0	1.8441	0	976.32	14.49	128	84
11.5	8.3	14.8	0	0	0	2.0956	0	1724.4	0.53	129	74
14.6	10	18.5	0	0	0	1.5088	0	884.52	1.47	130	72
15.2	8.2	19.3	0	0	0	2.6823	0	1418.04	0	131	52
12.8	7.1	17.9	0	0	0	1.8441	0	1897.92	2.63	132	73
16	6.8	22.8	0	0	0	0.6706	0	1462.32	0.11	133	66
16.4	9.3	24.2	0	0	0	1.425	0	1683	12.92	134	67
10.2	5.4	15.6	0	0	0	1.0897	0	1049.4	6.72	135	88
10.4	4.5	16.3	0	0	0	1.0897	0	1724.04	4.83	136	79
8.8	4.4	12.8	0	0	0	1.7603	0	2097.36	0.11	137	67
11.5	1.6	19.7	0	0	0	0.8382	0	2644.56	0	138	63
16.7	7.8	24.9	0	0	0	1.0059	0	2602.8	0	139	68
18.6	10.9	25.7	0	0	0	0.8382	0	2499.48	0	140	67
22	12.3	29.9	0	0	0	0.5029	0	2618.64	0	141	62
20	14.2	27.4	0	0	0	0.6706	0	1895.4	3.15	142	78
17.5	12.8	21.8	0	0	0	0.8382	0	1379.88	0.11	143	84
20.2	12.1	27.2	0	0	0	0.7544	0	2342.88	0	144	69
22.4	15	31.2	0	0	0	1.0059	0	2390.04	2.94	145	62
21.1	14.1	28.7	0	0	0	0.922	0	2325.6	0.95	146	69
17	11.8	24.2	0	0	0	0.7544	0	1581.12	4.09	147	81
13.5	11.3	15.5	0	0	0	0.922	0	583.56	24.47	148	95
11.8	8.5	13.1	0	0	0	2.2632	0	344.52	50.3	149	96
11.6	7.3	17.9	0	0	0	1.0897	0	2453.76	0.11	150	62
13.9	5.7	21.3	0	0	0	0.6706	0	2535.48	0	151	60
15.7	6.7	21.5	0	0	0	1.0897	0	2440.8	0	152	67
15.1	11.1	19.4	0	0	0	0.922	0	1215.36	2.52	153	82
14.7	13.1	16.2	0	0	0	0.5868	0	718.2	0	154	90
16.2	14.1	18.8	0	0	0	0.6706	0	937.8	0.21	155	87
16.3	12.7	20.2	0	0	0	0.5868	0	1116.72	0.32	156	83
17.9	12	24.1	0	0	0	0.7544	0	1635.48	0.84	157	81
21.9	13.9	28.1	0	0	0	1.0897	0	2719.44	0	158	65
22.6	14.4	28.7	0	0	0	0.7544	0	2547	0	159	63
23	14.1	30.2	0	0	0	0.6706	0	2589.48	0	160	60
21.4	14.2	28.1	0	0	0	0.7544	0	2718.36	0	161	64
21	13.4	28.7	0	0	0	0.7544	0	2300.4	0	162	66
18.3	14.6	26.6	0	0	0	0.5868	0	1253.88	10.61	163	85
19.2	14.7	24.5	0	0	0	0.922	0	2297.52	0	164	70
20.9	12.3	27.2	0	0	0	0.5868	0	1971	0	165	66
20.5	13.6	26.6	0	0	0	1.3412	0	1954.8	53.66	166	74
16.8	12.1	21.9	0	0	0	1.425	0	2221.56	5.67	167	71
19.1	12.2	25.6	0	0	0	1.0897	0	2572.2	0	168	58
18.3	13.8	24.3	0	0	0	1.2573	0	1917.72	5.88	169	73
20.3	12.5	26.6	0	0	0	0.6706	0	2755.8	0	170	65
22.3	13.6	31.4	0	0	0	0.6706	0	2158.92	0	171	67
16.1	13.2	18	0	0	0	0.8382	0	579.96	13.23	172	94
15.7	10.9	21.5	0	0	0	0.7544	0	1651.32	1.05	173	80
16.3	12	20.5	0	0	0	1.2573	0	1818.36	0	174	70
17.9	12.1	23.6	0	0	0	0.6706	0	1899.72	0	175	65
18.2	12.2	27.1	0	0	0	1.0059	0	1712.52	4.73	176	76
13.9	10.4	16.6	0	0	0	2.0956	0	1305	0.42	177	70
12.3	9	15.6	0	0	0	2.4309	0	2226.6	0	178	56
13.3	10.5	17.8	0	0	0	1.5088	0	1520.64	1.05	179	69
14.6	7.6	20.2	0	0	0	1.0059	0	1361.88	0.21	180	70
16.8	12.5	20.7	0	0	0	1.5926	0	1937.88	0	181	65
20.1	13.2	26.9	0	0	0	0.7544	0	2014.56	0	182	64
17.9	15.6	20.4	0	0	0	0.5868	0	1003.32	6.51	183	81
15.9	13	20.2	0	0	0	1.0059	0	1380.6	2.94	184	74
14.3	12	18.1	0	0	0	1.5088	0	1757.16	10.19	185	79
14.3	11.5	16.8	0	0	0	2.2632	0	1193.76	1.16	186	80
15.4	12.4	20	0	0	0	2.0956	0	1463.4	0.63	187	69
16.6	12.1	20.9	0	0	0	2.347	0	2168.64	0	188	56
16.7	8.6	24	0	0	0	0.922	0	2676.6	0	189	61
13.8	10.4	16.6	0	0	0	0.8382	0	726.48	18.48	190	88
13	9.9	18	0	0	0	1.0059	0	1514.16	5.04	191	83
13.7	8.9	19.2	0	0	0	1.0059	0	1582.92	2.52	192	79
16	11.5	20.9	0	0	0	1.5088	0	1622.52	0.11	193	68
19	15.1	23.5	0	0	0	1.0897	0	1437.12	0	194	71
23.4	14.6	30.8	0	0	0	0.8382	0	2536.92	0	195	61
25.8	16	34.3	0	0	0	0.8382	0	2644.92	0	196	55
27	17	35.6	0	0	0	0.5029	0	2523.24	0	197	55
22.9	16	28.2	0	0	0	1.0897	0	2181.96	0	198	62
20.6	15.2	27.8	0	0	0	0.6706	0	1747.8	0.42	199	68
20.9	13.4	27.5	0	0	0	0.7544	0	1926.72	0.21	200	63
19.1	14.3	28.3	0	0	0	0.6706	0	1491.84	6.72	201	79
18.9	15.6	24.4	0	0	0	0.6706	0	1459.44	5.57	202	81
16.6	11.7	21.3	0	0	0	1.3412	0	1405.08	23.84	203	80
18.2	10.3	24.6	0	0	0	0.5868	0	1720.8	2.63	204	67
16.9	13.5	20.1	0	0	0	2.4309	0	1423.08	0.21	205	68
17	12.3	22.4	0	0	0	2.0117	0	1962	0	206	62
20.2	10.8	27.1	0	0	0	0.8382	0	2508.12	0	207	56
20.6	17.2	23.5	0	0	0	1.6765	0	1776.6	0	208	53
17.1	12.8	20.3	0	0	0	1.0897	0	759.6	8.61	209	81
14.5	11.2	16.3	0	0	0	1.1735	0	522.72	14.39	210	92
12.2	9.9	16.4	0	0	0	2.2632	0	1335.24	0.84	211	74
12.6	9.9	16.5	0	0	0	1.5926	0	1224	0.11	212	68
15.375	6.6	22.7	0	0	0	0.5868	0	2568.6	0	213	63.9583
16.4833	8.2	24.4	0	0	0	1.1735	0	1387.8	0	214	70.1667
15.2375	10.6	18.7	0	0	0	1.3412	0	960.12	0	215	76.5417
15.8708	7.3	23.3	0	0	0	0.5868	0	2187.36	0	216	67.4583
18.9875	10	26.3	0	0	0	0.8382	0	2350.8	0	217	59
20.4458	10.2	28.5	0	0	0	0.5868	0	2382.48	0	218	55.25
20.7792	12	28.3	0	0	0	0.8382	0	2235.6	0	219	62.75
17.2042	15.5	19	0	0	0	1.0059	0	448.2	21.73	220	88.25
17.5417	15.5	22.7	0	0	0	0.7544	0	658.44	5.57	221	94
18.2708	16.4	21.2	0	0	0	0.8382	0	460.44	4.51	222	92.8333
15.6542	14.3	18	0	0	0	1.5088	0	285.48	20.79	223	96
17.0292	12.1	22.4	0	0	0	1.0897	0	2205.36	0	224	73.375
16.7417	11	22.8	0	0	0	0.7544	0	1426.32	0	225	81.7083
18.4875	13.2	25.1	0	0	0	0.5029	0	1622.52	0.21	226	75.5
21.9417	14.8	27.8	0	0	0	1.0059	0	1362.6	0.84	227	69.125
19.3583	12.9	23.9	0	0	0	1.1735	0	892.08	0.84	228	70.0417
15.7792	10.4	21.3	0	0	0	1.0059	0	1677.96	0	229	63.2917
15.55	9.2	22.5	0	0	0	0.4191	0	1945.08	0	230	68.125
16.5167	8.8	24.3	0	0	0	0.4191	0	1573.56	0	231	73.2083
17.4042	11.3	23.7	0	0	0	0.5868	0	1626.48	0.84	232	72.7917
14.8542	13.4	16.9	0	0	0	1.425	0	612.36	16.91	233	93.0833
18.1833	13.2	24.5	0	0	0	0.5029	0	1676.16	0	234	73.2083
15.5583	12.3	21.1	0	0	0	0.4191	0	849.24	5.57	235	89.7083
17.9042	12.9	24.9	0	0	0	0.6706	0	1904.4	0.11	236	77.8333
19.1875	13.4	26.2	0	0	0	0.922	0	1827.72	0	237	74.7917
18.725	13	24.2	0	0	0	1.2573	0	1657.8	0	238	73.5
15.3625	9.3	19.2	0	0	0	0.8382	0	1450.08	0	239	65
12.7958	8.8	17.4	0	0	0	0.5868	0	1153.8	0	240	70.2083
11.9708	6.8	17	0	0	0	0.8382	0	1400.4	0	241	68.125
12.425	3.2	18.4	0	0	0	1.1735	0	1688.76	0	242	64.625
15.5292	13.4	18.6	0	0	0	2.0117	0	932.04	0.32	243	70.9583
15.2958	11.9	18.9	0	0	0	1.425	0	1338.48	0.11	244	70.5833
14.8125	9.9	18.8	0	0	0	0.922	0	819	0	245	72.8333
12.3917	8.6	15.5	0	0	0	1.0897	0	434.88	10.71	246	83.3333
9.6625	7.5	13.5	0	0	0	2.0956	0	1163.16	0.21	247	76.2083
11.1917	8.3	15.2	0	0	0	1.8441	0	1253.16	4.41	248	71.5
10.975	7.5	13.7	0	0	0	1.5088	0	757.08	0.11	249	88.7083
12.9167	10.9	14.9	0	0	0	1.5088	0	509.4	0.42	250	87.875
14.0083	12.5	16.4	0	0	0	1.9279	0	563.4	2.63	251	88.375
12.225	9.2	15.4	0	0	0	1.9279	0	773.64	0.84	252	81.7083
11.1292	8.6	13.5	0	0	0	1.425	0	357.12	9.03	253	87.75
12.1833	9.5	15.3	0	0	0	1.8441	0	805.68	3.36	254	83.7083
13.175	11.3	15.8	0	0	0	1.425	0	861.48	0	255	76.125
12.2917	7.7	16.2	0	0	0	0.8382	0	977.4	0	256	78.875
13.6417	6.2	20.2	0	0	0	1.0897	0	1372.68	0	257	72.625
12.0458	5.7	16.7	0	0	0	1.9279	0	1440.72	0	258	67.75
12.8917	3.9	21.8	0	0	0	0.8382	0	1549.8	0	259	68.375
17.2667	9.5	23.7	0	0	0	0.922	0	1152.72	2.73	260	69.7917
11.1	6.6	14.9	0	0	0	1.6765	0	402.12	18.06	261	90.5833
8.2458	4.6	11.8	0	0	0	0.922	0	905.04	0	262	73.625
11.1375	4.7	18.2	0	0	0	0.8382	0	1106.28	0	263	68.9583
13.5333	6.9	20.9	0	0	0	0.6706	0	1437.12	0	264	68.75
13.45	6.3	22.7	0	0	0	0.3353	0	1377	0	265	75.8333
13.9958	6.2	23.9	0	0	0	0.3353	0	1357.56	0	266	78.125
17.225	10.5	25.3	0	0	0	0.6706	0	1366.2	0	267	67.25
11.6208	6	15.5	0	0	0	1.0059	0	714.6	3.99	268	81.25
10.3708	4.7	16.7	0	0	0	0.4191	0	999	1.89	269	76.75
10.5542	9.2	11.3	0	0	0	2.0117	0	69.12	36.12	270	97.4583
10.4	9.5	11.6	0	0	0	1.5088	0	115.56	59.22	271	98
11.6042	9.8	13.7	0	0	0	1.9279	0	355.32	13.97	272	81.1667
12.8583	7.9	18.2	0	0	0	0.8382	0	982.08	0	273	72.4583
12.2625	7.5	19.4	0	0	0	0.4191	0	1115.28	0	274	81.6667
12.425	11.6	13.5	0	0	0	0.3353	0	205.92	3.36	275	96.0833
12.9667	11.6	15.2	0	0	0	0.5868	0	453.24	0.11	276	89.9167
15.0375	11	19.8	0	0	0	0.4191	0	710.64	0	277	88.9583
11.8625	5.7	15.1	0	0	0	0.7544	0	705.24	0	278	81.5
8.7542	5.6	11.1	0	0	0	0.3353	0	243.36	0	279	95.875
8.8333	4.1	14.7	0	0	0	0.3353	0	880.92	0	280	83.4167
7.7042	2.4	14.5	0	0	0	0.4191	0	936	0	281	86.5
9.4542	7.3	12.5	0	0	0	0.3353	0	432	0	282	84.0833
9.2792	4.6	13.8	0	0	0	0.4191	0	794.16	0	283	85.4167
6.2833	2.7	11.4	0	0	0	0.2515	0	492.84	0	284	89.5
10.0375	4.4	13.4	0	0	0	1.425	0	430.56	0	285	84.9167
8.2167	2.2	13.2	0	0	0	0.4191	0	888.12	0	286	80.5417
5.975	0	15.2	0	0	0	0.3353	0	1063.8	0	287	78.625
10.8458	3.2	19.3	0	0	0	0.7544	0	1111.68	0	288	62.9167
10.6917	6.8	15.5	0	0	0	0.8382	0	625.68	0	289	81.7083
12.8333	5.6	19.2	0	0	0	1.2573	0	766.44	1.16	290	76.5833
7.2167	4.4	9.5	0	0	0	2.4309	0	538.2	2.42	291	86.6667
4.95	2.6	7.5	0	0	0	1.7603	0	549.72	4.41	292	82.3333
3.9958	1.7	7.2	0	0	0	0.922	0	663.48	0	293	80.375
3.3083	1.7	5.2	0	0	0	0.7544	0	271.44	3.57	294	94.4583
1.8792	0	4	0	0	0	1.3412	0	574.92	0	295	83.5
3.325	2.1	4.6	0	0	0	1.2573	0	240.84	0	296	84
3.75	2.7	4.7	0	0	0	1.2573	0	83.52	0.21	297	99
5.1583	4.7	5.6	0	0	0	1.1735	0	110.52	0	298	99.5833
6.0833	5.2	7.3	0	0	0	0.6706	0	106.56	0	299	99
6.2	2.4	8.1	0	0	0	0.5868	0	192.24	0	300	94.25
5.3042	2.3	11	0	0	0	0.4191	0	621.36	0	301	88.2083
6.0417	1.8	11.5	0	0	0	0.5029	0	528.84	0	302	84.4167
7.0542	3.6	9.4	0	0	0	1.0059	0	201.6	0.73	303	89.5
4.3875	1	9.3	0	0	0	0.6706	0	630.72	0.11	304	91.25
5.3375	0.5	9	0	0	0	0.5868	0	222.12	0	305	88.8333
9.4208	7.9	10.8	0	0	0	0.922	0	173.16	0.71	306	96.625
10.8167	9.1	12.3	0	0	0	1.5088	0	201.6	1.65	307	93.9583
7.1417	1.8	8.6	0	0	0	1.3412	0	217.08	0	308	83.7083
5.0125	1.2	9.8	0	0	0	0.5029	0	605.52	0	309	83.375
5.0792	3.1	7.5	0	0	0	3.1014	0	387.72	5.07	310	83.7917
5.8792	3.7	7.3	0	0	0	3.1853	0	93.96	3.78	311	86.3333
7.7208	6.1	9.9	0	0	0	2.2632	0	286.92	2.48	312	83.25
4.3583	3	8.1	0	0	0	3.9397	0	268.92	5.9	313	81.5
2.5375	1.1	3.5	0	0	0	2.85	0	137.52	3.54	314	90.125
3.2042	1.1	7.2	0	0	0	2.85	0	156.6	14.99	315	89
2.4083	1.3	3.9	0	0	0	3.3529	0	134.28	0.83	316	84.9167
2.1833	0.3	4.5	0	0	0	2.347	0	170.64	0.94	317	90.5417
0.0708	-0.4	0.5	0	0	0	1.425	0	120.96	1.89	318	97.25
0.125	-0.4	1	0	0	0	1.3412	0	175.68	1.42	319	96.1667
-0.3167	-2.5	0.7	0	0	0	0.8382	0	177.84	0.24	320	92.375
2.1042	0.7	3.4	0	0	0	0.5868	0	80.28	0.71	321	97.4583
2.8625	0.4	4.4	0	0	0	0.8382	0	154.8	0	322	92.8333
1.0917	-1	4.4	0	0	0	1.0059	0	420.12	0	323	89.2917
1.4042	-0.8	5.2	0	0	0	0.5868	0	361.8	0	324	88.5
3.15	-0.1	7	0	0	0	0.922	0	305.64	0	325	76.0833
5.5083	2.4	8.4	0	0	0	0.922	0	178.92	1.18	326	86.4583
4.575	2.4	6.5	0	0	0	0.4191	0	91.8	5.43	327	97.5
0.9458	-1.9	4.6	0	0	0	1.0059	0	367.92	0	328	83.5417
2.2667	-1.4	4.7	0	0	0	2.4309	0	244.08	3.66	329	84.25
0.9667	0.3	2.1	0	0	0	3.2691	0	190.8	0.35	330	86.8333
0.6167	-0.5	2.7	0	0	0	1.8441	0	417.96	0.59	331	89.4167
0.0708	-2.1	4.5	0	0	0	0.6706	0	419.4	0	332	89.875
0.9208	-1.8	3.9	0	0	0	1.6765	0	388.44	0.35	333	77.4583
4.025	2.3	5.8	0	0	0	2.1794	0	209.88	0.71	334	84.25
6.2125	5	7.9	0	0	0	2.7661	0	170.64	3.78	335	82.875
7.075	4.5	9.3	0	0	0	3.8558	0	235.8	1.53	336	71.9583
5.6375	3.4	8.3	0	0	0	3.6044	0	196.2	1.53	337	75.7917
4.2	3	5.5	0	0	0	2.4309	0	248.04	0	338	79.5417
7.0708	4.2	9.6	0	0	0	2.0117	0	156.24	0.24	339	79.875
8.25	6.7	9.8	0	0	0	2.5985	0	205.92	5.43	340	77.2083
8.775	4.5	12	0	0	0	3.6044	0	215.64	4.13	341	74.75
4.75	2.7	7.5	0	0	0	2.0956	0	354.6	0	342	68.5
4.6958	2.8	7.8	0	0	0	1.6765	0	231.84	0.12	343	81.4167
4.475	2.9	7.3	0	0	0	1.0059	0	179.28	0.24	344	85.8333
3.3833	2.4	4.6	0	0	0	1.2573	0	38.52	9.44	345	98.5417
2.8917	2.3	3.4	0	0	0	1.9279	0	32.76	3.78	346	98.125
1.9167	0.4	3.6	0	0	0	1.0897	0	131.76	0	347	82.0417
-0.2292	-0.7	0.5	0	0	0	1.0059	0	83.16	0	348	78.7083
-1.0583	-2.8	0.4	0	0	0	1.5926	0	336.6	0	349	84.0833
-3.15	-4	-2.6	0	0	0	1.3412	0	73.08	0	350	88.2083
-1.5833	-3.1	-0.1	0	0	0	1.5926	0	228.6	0	351	86.6667
-2.2958	-3.3	-1.8	0	0	0	1.3412	0	109.44	0	352	90.2083
-3.9292	-4.5	-3.4	0	0	0	0.3353	0	118.8	0	353	95.1667
-4.7458	-5.7	-3.6	0	0	0	0.3353	0	134.64	0	354	98.1667
-5.9708	-7.2	-3.3	0	0	0	0.1676	0	230.4	0	355	99
-5.7375	-8.7	-0.8	0	0	0	0.2515	0	284.76	0	356	99.0417
-4.9208	-9.6	-1.2	0	0	0	0.3353	0	187.56	1.18	357	97.125
-0.2167	-1.2	0.5	0	0	0	0.4191	0	60.84	0	358	99.3333
-2.4958	-5	0.9	0	0	0	1.0059	0	380.16	0	359	85.9583
-1.8417	-4.2	0	0	0	0	0.922	0	218.52	0	360	75.625
-1.2542	-5.4	2.2	0	0	0	1.0059	0	314.28	0	361	90.3333
1.5333	-0.3	4	0	0	0	1.2573	0	143.64	0	362	85.2083
1.5417	-0.9	5.1	0	0	0	2.1794	0	215.28	0	363	70.6667
2.8125	1.6	4.8	0	0	0	1.6765	0	172.44	4.6	364	87.2917
1.025	0.2	2.1	0	0	0	2.0117	0	190.8	0.71	365	94.0417
